	mass_A
t	x	y
0.000000e0	5.910406e-2	3.728271e-3
4.000000e-2	5.433650e-2	3.027912e-3
8.000000e-2	4.902353e-2	2.867315e-3
1.200000e-1	4.242541e-2	2.052923e-3
1.600000e-1	3.539903e-2	2.014747e-3
2.000000e-1	2.664707e-2	1.120421e-3
2.400000e-1	1.787796e-2	2.233169e-4
2.800000e-1	8.642634e-3	1.153499e-3
3.200000e-1	-9.662930e-4	1.233045e-3
3.600000e-1	-1.062213e-2	1.213838e-3
4.000000e-1	-1.988245e-2	2.110300e-3
4.400000e-1	-2.902320e-2	2.957151e-3
4.800000e-1	-3.824425e-2	2.797709e-3
5.200000e-1	-4.578197e-2	4.703382e-3
5.600000e-1	-5.358405e-2	6.523642e-3
6.000000e-1	-5.979680e-2	7.420561e-3
6.400000e-1	-6.542282e-2	8.215828e-3
6.800000e-1	-6.942782e-2	9.016624e-3
7.200000e-1	-7.203850e-2	9.036810e-3
7.600000e-1	-7.346887e-2	9.320677e-3
8.000000e-1	-7.374482e-2	9.335260e-3
8.400000e-1	-7.259197e-2	9.211004e-3
8.800000e-1	-6.993593e-2	8.600346e-3
9.200000e-1	-6.559641e-2	7.631918e-3
1.080000e0	-3.914685e-2	3.947581e-3
1.120000e0	-3.073327e-2	3.245344e-3
1.160000e0	-2.201215e-2	2.326913e-3
1.200000e0	-1.281566e-2	1.416674e-3
1.240000e0	-3.197105e-3	1.348627e-3
1.280000e0	6.031400e-3	4.761278e-4
1.320000e0	1.479547e-2	4.082431e-4
1.360000e0	2.317820e-2	4.258805e-4
1.400000e0	3.107222e-2	1.416820e-3
1.440000e0	3.806165e-2	1.401681e-3
1.480000e0	4.460875e-2	2.221104e-3
1.520000e0	4.947071e-2	2.263617e-3
1.560000e0	5.385011e-2	3.055521e-3
1.840000e0	5.295833e-2	2.686795e-3
1.880000e0	4.854681e-2	2.543843e-3
1.920000e0	4.279097e-2	1.946138e-3
1.960000e0	3.669652e-2	1.816854e-3
2.000000e0	2.924448e-2	9.047407e-4
2.040000e0	2.137311e-2	9.030481e-4
2.080000e0	1.305272e-2	-1.441043e-5
2.120000e0	4.257081e-3	9.759375e-4
2.160000e0	-4.907373e-3	1.005701e-3
2.200000e0	-1.372837e-2	1.805393e-3
2.240000e0	-2.246312e-2	2.631475e-3
2.280000e0	-3.080409e-2	3.572846e-3
2.320000e0	-3.909560e-2	3.519676e-3
2.360000e0	-4.617901e-2	5.424351e-3
2.400000e0	-5.276362e-2	6.222392e-3
2.440000e0	-5.846387e-2	7.057124e-3
2.480000e0	-6.324864e-2	7.922606e-3
2.520000e0	-6.612198e-2	7.785507e-3
2.560000e0	-6.866618e-2	8.533488e-3
2.600000e0	-6.917834e-2	8.366370e-3
2.640000e0	-6.878827e-2	8.371247e-3
2.680000e0	-6.741860e-2	7.958876e-3
2.720000e0	-6.434407e-2	7.403811e-3
2.760000e0	-6.001269e-2	6.487333e-3
2.800000e0	-5.513052e-2	5.616077e-3
2.840000e0	-4.879649e-2	5.263441e-3
2.880000e0	-4.181803e-2	4.469116e-3
2.920000e0	-3.392693e-2	3.530980e-3
2.960000e0	-2.600649e-2	2.661237e-3
3.000000e0	-1.767357e-2	1.833005e-3
3.040000e0	-8.892652e-3	1.791545e-3
3.080000e0	-1.339631e-4	9.583250e-4
3.120000e0	8.244719e-3	9.213289e-4
3.160000e0	1.646436e-2	9.819958e-4
3.200000e0	2.436009e-2	9.252362e-4
3.240000e0	3.153171e-2	1.880073e-3
3.280000e0	3.800125e-2	1.836481e-3
3.320000e0	4.376315e-2	2.644845e-3
3.360000e0	4.815497e-2	2.668984e-3
3.400000e0	5.209246e-2	2.720205e-3
3.440000e0	5.471292e-2	3.470584e-3
3.480000e0	5.548544e-2	3.728271e-3
3.520000e0	5.645117e-2	4.494642e-3
3.560000e0	5.553289e-2	4.393732e-3
3.600000e0	5.414730e-2	3.868774e-3
3.640000e0	5.153213e-2	3.622159e-3
3.680000e0	4.803557e-2	3.611802e-3
3.720000e0	4.321887e-2	2.909715e-3
3.760000e0	3.795358e-2	2.810182e-3
3.800000e0	3.135406e-2	2.015410e-3
3.840000e0	2.434190e-2	1.984563e-3
3.880000e0	1.688434e-2	1.996361e-3
3.920000e0	8.972731e-3	2.013730e-3
3.960000e0	6.463771e-4	2.029000e-3
4.000000e0	-7.692651e-3	2.140975e-3
4.040000e0	-1.601908e-2	2.859325e-3
4.080000e0	-2.436887e-2	3.004604e-3
4.120000e0	-3.183125e-2	3.785623e-3
4.160000e0	-3.882078e-2	5.542023e-3
4.200000e0	-4.582413e-2	6.471749e-3
4.240000e0	-5.194668e-2	7.377849e-3
4.280000e0	-5.720689e-2	8.192097e-3
4.320000e0	-6.117137e-2	8.210801e-3
4.360000e0	-6.426195e-2	9.042162e-3
4.400000e0	-6.601420e-2	9.040252e-3
4.440000e0	-6.646309e-2	9.046046e-3
4.480000e0	-6.608450e-2	9.313379e-3
4.520000e0	-6.417114e-2	8.778275e-3
4.560000e0	-6.121839e-2	8.583248e-3
4.600000e0	-5.720621e-2	7.736968e-3
4.640000e0	-5.198502e-2	6.846141e-3
4.680000e0	-4.625177e-2	5.949864e-3
4.720000e0	-3.926606e-2	5.065754e-3
4.760000e0	-3.225050e-2	4.200077e-3
4.800000e0	-2.478390e-2	3.361266e-3
4.840000e0	-1.728944e-2	2.663903e-3
4.880000e0	-8.992908e-3	2.461471e-3
4.920000e0	-6.620240e-4	2.448194e-3
4.960000e0	7.227630e-3	2.431708e-3
5.000000e0	1.512498e-2	2.457943e-3
5.040000e0	2.258023e-2	2.479690e-3
5.080000e0	2.912101e-2	2.558352e-3
5.120000e0	3.488585e-2	2.537830e-3
5.160000e0	3.972099e-2	2.589826e-3
5.200000e0	4.448785e-2	3.290998e-3
5.240000e0	4.719192e-2	3.355509e-3
5.280000e0	4.975537e-2	3.397612e-3
5.320000e0	5.104803e-2	3.439271e-3
5.360000e0	5.149229e-2	3.418900e-3
5.400000e0	5.069849e-2	3.415151e-3
5.440000e0	4.893737e-2	3.156753e-3
5.480000e0	4.629652e-2	2.988740e-3
5.520000e0	4.317602e-2	2.882294e-3
5.560000e0	3.880151e-2	2.815574e-3
5.600000e0	3.311109e-2	2.017723e-3
5.640000e0	2.697824e-2	1.990018e-3
5.680000e0	2.038881e-2	1.987723e-3
5.720000e0	1.294778e-2	1.984630e-3
5.760000e0	5.056178e-3	1.998872e-3
5.800000e0	-2.818301e-3	2.086750e-3
5.840000e0	-1.033589e-2	2.179384e-3
5.880000e0	-1.818494e-2	2.858359e-3
5.920000e0	-2.568802e-2	2.943331e-3
5.960000e0	-3.266059e-2	3.754058e-3
6.000000e0	-3.924618e-2	4.676860e-3
6.040000e0	-4.535531e-2	5.604400e-3
6.080000e0	-5.065577e-2	7.314812e-3
6.120000e0	-5.511081e-2	7.398935e-3
6.160000e0	-5.892632e-2	8.203645e-3
6.200000e0	-6.116079e-2	8.200101e-3
6.240000e0	-6.249319e-2	8.185823e-3
6.280000e0	-6.293703e-2	8.501112e-3
6.320000e0	-6.215562e-2	8.451758e-3
6.360000e0	-6.067416e-2	8.497701e-3
6.400000e0	-5.757421e-2	7.769493e-3
6.440000e0	-5.372404e-2	7.665592e-3
6.480000e0	-4.887610e-2	6.840301e-3
6.520000e0	-4.318824e-2	5.930463e-3
6.560000e0	-3.703936e-2	5.055739e-3
6.600000e0	-3.005516e-2	4.182840e-3
6.640000e0	-2.343144e-2	3.339824e-3
6.680000e0	-1.604115e-2	2.581021e-3
6.720000e0	-8.579516e-3	2.458973e-3
6.760000e0	-1.112840e-3	2.424428e-3
6.800000e0	6.380659e-3	1.583678e-3
6.840000e0	1.379874e-2	1.601027e-3
6.880000e0	2.041624e-2	1.572034e-3
6.920000e0	2.655673e-2	1.632863e-3
6.960000e0	3.227171e-2	2.460991e-3
7.000000e0	3.669735e-2	2.503467e-3
7.040000e0	4.057356e-2	2.515920e-3
7.080000e0	4.320524e-2	2.505114e-3
7.120000e0	4.539333e-2	3.239683e-3
7.160000e0	4.625060e-2	2.946106e-3
7.200000e0	4.628089e-2	2.995953e-3
7.240000e0	4.536124e-2	2.918158e-3
7.280000e0	4.362861e-2	2.842037e-3
7.320000e0	4.094991e-2	2.724896e-3
7.360000e0	3.663698e-2	2.096121e-3
7.400000e0	3.225422e-2	1.996641e-3
7.440000e0	2.655265e-2	1.971221e-3
7.480000e0	2.042316e-2	1.976948e-3
7.520000e0	1.382155e-2	1.993756e-3
7.560000e0	6.792309e-3	1.993019e-3
7.600000e0	-6.500457e-4	1.991044e-3
7.640000e0	-8.088815e-3	2.082298e-3
7.680000e0	-1.514512e-2	2.097846e-3
7.720000e0	-2.214147e-2	2.915336e-3
7.760000e0	-2.914099e-2	2.935217e-3
7.800000e0	-3.531514e-2	3.739377e-3
7.840000e0	-4.060482e-2	5.543099e-3
7.880000e0	-4.624434e-2	6.415783e-3
7.920000e0	-5.065167e-2	7.308177e-3
7.960000e0	-5.423179e-2	7.369721e-3
8.000000e0	-5.720456e-2	8.135172e-3
8.040000e0	-5.859489e-2	8.145048e-3
8.080000e0	-5.939661e-2	8.141385e-3
8.120000e0	-5.901751e-2	8.430511e-3
8.160000e0	-5.723194e-2	7.853350e-3
8.200000e0	-5.472972e-2	7.675706e-3
8.240000e0	-5.108516e-2	6.865998e-3
8.280000e0	-4.671058e-2	6.798334e-3
8.320000e0	-4.144814e-2	5.945209e-3
8.360000e0	-3.572453e-2	5.054262e-3
8.400000e0	-3.006302e-2	3.383654e-3
8.440000e0	-2.344012e-2	3.295367e-3
8.480000e0	-1.688040e-2	2.592080e-3
8.520000e0	-9.845486e-3	2.412449e-3
8.560000e0	-2.417630e-3	1.630887e-3
8.600000e0	4.599977e-3	1.620341e-3
8.640000e0	1.121373e-2	1.583177e-3
8.680000e0	1.776560e-2	1.657122e-3
8.720000e0	2.348346e-2	1.699956e-3
8.760000e0	2.916127e-2	2.429148e-3
8.800000e0	3.356345e-2	2.453648e-3
8.840000e0	3.710960e-2	2.467928e-3
8.880000e0	4.010891e-2	2.492881e-3
8.920000e0	4.190396e-2	2.501282e-3
8.960000e0	4.277250e-2	2.483974e-3
9.000000e0	4.318326e-2	2.743443e-3
9.040000e0	4.226975e-2	2.736084e-3
9.080000e0	4.063139e-2	2.623675e-3
9.120000e0	3.745712e-2	2.095524e-3
9.160000e0	3.397820e-2	2.019243e-3
9.200000e0	2.958018e-2	2.006296e-3
9.240000e0	2.435366e-2	1.982517e-3
9.280000e0	1.863443e-2	1.984211e-3
9.320000e0	1.249182e-2	1.995445e-3
9.360000e0	5.928165e-3	1.116862e-3
9.400000e0	-1.107257e-3	2.000161e-3
9.440000e0	-8.077971e-3	2.044286e-3
9.480000e0	-1.469894e-2	2.136482e-3
9.520000e0	-2.123754e-2	2.874110e-3
9.560000e0	-2.781385e-2	2.932403e-3
9.600000e0	-3.352609e-2	3.749360e-3
9.640000e0	-3.881480e-2	4.624808e-3
9.680000e0	-4.362409e-2	5.550403e-3
9.720000e0	-4.798861e-2	6.428720e-3
9.760000e0	-5.114728e-2	7.254294e-3
9.800000e0	-5.372933e-2	7.271768e-3
9.840000e0	-5.510839e-2	7.285950e-3
9.880000e0	-5.586643e-2	7.316794e-3
9.920000e0	-5.557452e-2	7.596574e-3
9.960000e0	-5.427515e-2	7.601013e-3
1.000000e1	-5.195471e-2	6.911565e-3
1.004000e1	-4.884533e-2	6.811562e-3
1.008000e1	-4.493341e-2	5.985613e-3
1.012000e1	-4.052796e-2	5.076750e-3
1.016000e1	-3.530652e-2	4.209477e-3
1.020000e1	-3.000774e-2	3.369009e-3
1.024000e1	-2.388025e-2	3.266305e-3
1.028000e1	-1.777010e-2	2.549853e-3
1.032000e1	-1.118385e-2	2.367818e-3
1.036000e1	-4.604244e-3	2.390070e-3
1.040000e1	1.995676e-3	1.623473e-3
1.044000e1	8.551849e-3	1.602088e-3
1.048000e1	1.466475e-2	2.462451e-3
1.052000e1	2.040299e-2	2.494218e-3
1.056000e1	2.560695e-2	2.486314e-3
1.060000e1	3.000600e-2	2.495095e-3
1.064000e1	3.360633e-2	2.486468e-3
1.068000e1	3.657618e-2	2.493828e-3
1.072000e1	3.841333e-2	2.453596e-3
1.076000e1	3.964544e-2	2.485699e-3
1.080000e1	4.012718e-2	2.759890e-3
1.084000e1	3.934646e-2	2.654539e-3
1.088000e1	3.794398e-2	2.713817e-3
1.092000e1	3.566028e-2	2.778666e-3
1.096000e1	3.266484e-2	2.779234e-3
1.100000e1	2.788516e-2	2.011763e-3
1.104000e1	2.345168e-2	2.011537e-3
1.108000e1	1.819170e-2	2.008940e-3
1.112000e1	1.249066e-2	2.023262e-3
1.116000e1	6.368167e-3	2.017854e-3
1.120000e1	-2.021709e-4	2.007435e-3
1.124000e1	-6.382527e-3	2.137074e-3
1.128000e1	-1.292011e-2	2.095298e-3
1.132000e1	-1.903474e-2	2.809332e-3
1.136000e1	-2.480838e-2	2.951839e-3
1.140000e1	-3.005991e-2	3.728967e-3
1.144000e1	-3.490558e-2	4.609986e-3
1.148000e1	-3.965031e-2	5.497135e-3
1.152000e1	-4.366377e-2	6.402667e-3
1.156000e1	-4.715510e-2	6.454172e-3
1.160000e1	-4.970270e-2	7.226976e-3
1.164000e1	-5.147418e-2	7.250801e-3
1.168000e1	-5.201090e-2	7.276091e-3
1.172000e1	-5.196528e-2	7.275838e-3
1.176000e1	-5.100065e-2	6.979065e-3
1.180000e1	-4.929438e-2	6.797379e-3
1.184000e1	-4.668478e-2	6.760431e-3
1.188000e1	-4.316790e-2	5.955418e-3
1.192000e1	-3.887160e-2	5.118215e-3
1.196000e1	-3.441468e-2	4.225060e-3
1.200000e1	-2.957767e-2	3.385921e-3
1.204000e1	-2.388926e-2	3.326896e-3
1.208000e1	-1.856541e-2	2.623745e-3
1.212000e1	-1.247622e-2	2.403139e-3
1.216000e1	-6.340043e-3	1.680385e-3
1.220000e1	-2.056077e-4	1.623108e-3
1.224000e1	5.916527e-3	1.576823e-3
1.228000e1	1.161050e-2	1.601606e-3
1.232000e1	1.691471e-2	1.562777e-3
1.236000e1	2.174786e-2	1.607436e-3
1.240000e1	2.613470e-2	2.439903e-3
1.244000e1	2.999735e-2	2.461482e-3
1.248000e1	3.305593e-2	2.470047e-3
1.252000e1	3.490569e-2	2.436948e-3
1.256000e1	3.621049e-2	2.434405e-3
1.260000e1	3.704098e-2	2.788368e-3
1.264000e1	3.659001e-2	2.737331e-3
1.268000e1	3.535046e-2	2.637408e-3
1.272000e1	3.304854e-2	2.162779e-3
1.276000e1	3.013083e-2	2.077807e-3
1.280000e1	2.657591e-2	2.035094e-3
1.284000e1	2.252818e-2	2.047209e-3
1.288000e1	1.774714e-2	1.978911e-3
1.292000e1	1.249722e-2	1.995832e-3
1.296000e1	6.792831e-3	1.981238e-3
1.300000e1	1.081078e-3	2.010832e-3
1.304000e1	-4.974488e-3	2.042280e-3
1.308000e1	-1.077717e-2	2.158424e-3
1.312000e1	-1.645789e-2	2.802795e-3
1.316000e1	-2.210598e-2	2.865369e-3
1.320000e1	-2.694336e-2	3.689956e-3
1.324000e1	-3.219993e-2	3.743488e-3
1.328000e1	-3.621275e-2	4.668179e-3
1.332000e1	-4.008494e-2	5.507744e-3
1.336000e1	-4.359741e-2	6.367728e-3
1.340000e1	-4.624676e-2	6.443251e-3
1.344000e1	-4.798280e-2	6.444304e-3
1.348000e1	-4.886116e-2	6.434240e-3
1.352000e1	-4.885762e-2	6.800801e-3
1.356000e1	-4.798934e-2	6.717520e-3
1.360000e1	-4.592249e-2	6.074706e-3
1.364000e1	-4.324352e-2	5.949291e-3
1.368000e1	-4.007124e-2	5.088502e-3
1.372000e1	-3.621432e-2	4.239406e-3
1.376000e1	-3.175520e-2	4.145700e-3
1.380000e1	-2.697705e-2	3.404102e-3
1.384000e1	-2.172414e-2	3.297510e-3
1.388000e1	-1.686300e-2	2.564324e-3
1.392000e1	-1.120798e-2	2.405009e-3
1.396000e1	-5.914302e-3	2.369337e-3
1.400000e1	2.417898e-4	1.640557e-3
1.404000e1	5.887659e-3	1.611229e-3
1.408000e1	1.116920e-2	1.613922e-3
1.412000e1	1.600677e-2	1.665794e-3
1.416000e1	2.042516e-2	1.657974e-3
1.420000e1	2.474505e-2	2.428813e-3
1.424000e1	2.786133e-2	2.432968e-3
1.428000e1	3.051218e-2	2.423464e-3
1.432000e1	3.231099e-2	2.439639e-3
1.436000e1	3.352957e-2	2.427691e-3
1.440000e1	3.391994e-2	2.449394e-3
1.444000e1	3.316411e-2	2.114519e-3
1.448000e1	3.207976e-2	2.145134e-3
1.452000e1	3.008990e-2	2.060008e-3
1.456000e1	2.740990e-2	2.018572e-3
1.460000e1	2.388489e-2	2.002783e-3
1.464000e1	1.996568e-2	1.994850e-3
1.468000e1	1.557348e-2	1.982477e-3
1.472000e1	1.073313e-2	1.984471e-3
1.476000e1	5.457661e-3	1.988648e-3
1.480000e1	1.898543e-4	1.977472e-3
1.484000e1	-5.410594e-3	2.075806e-3
1.488000e1	-1.074626e-2	2.114048e-3
1.492000e1	-1.599790e-2	2.172258e-3
1.496000e1	-2.084773e-2	2.846184e-3
1.500000e1	-2.573839e-2	2.959916e-3
1.504000e1	-3.002276e-2	3.728434e-3
1.508000e1	-3.437871e-2	3.783780e-3
1.512000e1	-3.754950e-2	4.675581e-3
1.516000e1	-4.057931e-2	5.524857e-3
1.520000e1	-4.316752e-2	5.561527e-3
1.524000e1	-4.491570e-2	5.549577e-3
1.528000e1	-4.578748e-2	6.325903e-3
1.532000e1	-4.577559e-2	6.342722e-3
1.536000e1	-4.487871e-2	5.987579e-3
1.540000e1	-4.326075e-2	5.902250e-3
1.544000e1	-4.093334e-2	5.149001e-3
1.548000e1	-3.787489e-2	5.061645e-3
1.552000e1	-3.444936e-2	4.234880e-3
1.556000e1	-3.009947e-2	4.151099e-3
1.560000e1	-2.610316e-2	3.350048e-3
1.564000e1	-2.129179e-2	3.247417e-3
1.568000e1	-1.684763e-2	2.553513e-3
1.572000e1	-1.163455e-2	2.379056e-3
1.576000e1	-6.377024e-3	1.719021e-3
1.580000e1	-1.090332e-3	1.666532e-3
1.584000e1	4.136668e-3	1.592617e-3
1.588000e1	8.988104e-3	1.600576e-3
1.592000e1	1.375331e-2	1.618932e-3
1.596000e1	1.779313e-2	1.631506e-3
1.600000e1	2.162904e-2	1.641923e-3
1.604000e1	2.477632e-2	1.663447e-3
1.608000e1	2.732758e-2	1.690165e-3
1.612000e1	2.922855e-2	1.615549e-3
1.616000e1	3.044862e-2	1.615666e-3
1.620000e1	3.095438e-2	1.947058e-3
1.624000e1	3.083062e-2	1.983416e-3
1.628000e1	3.005173e-2	1.954134e-3
1.632000e1	2.829852e-2	1.979408e-3
1.636000e1	2.598951e-2	1.967632e-3
1.640000e1	2.304950e-2	1.947279e-3
1.644000e1	1.953645e-2	1.959522e-3
1.648000e1	1.556131e-2	1.957629e-3
1.652000e1	1.115814e-2	1.973780e-3
1.656000e1	6.374785e-3	1.971018e-3
1.660000e1	1.511475e-3	1.968374e-3
1.664000e1	-3.329993e-3	1.993076e-3
1.668000e1	-8.514988e-3	2.058387e-3
1.672000e1	-1.336419e-2	2.147319e-3
1.676000e1	-1.817459e-2	2.785419e-3
1.680000e1	-2.256311e-2	2.891313e-3
1.684000e1	-2.693661e-2	2.943975e-3
1.688000e1	-3.049163e-2	3.727289e-3
1.692000e1	-3.358523e-2	4.588455e-3
1.696000e1	-3.669395e-2	4.671044e-3
1.700000e1	-3.926748e-2	4.691790e-3
1.704000e1	-4.103565e-2	5.512098e-3
1.708000e1	-4.230646e-2	5.527874e-3
1.712000e1	-4.279696e-2	5.536627e-3
1.716000e1	-4.241216e-2	5.830110e-3
1.720000e1	-4.137760e-2	5.860437e-3
1.724000e1	-3.967348e-2	5.100322e-3
1.728000e1	-3.741028e-2	5.057721e-3
1.732000e1	-3.440503e-2	5.007755e-3
1.736000e1	-3.130929e-2	4.134288e-3
1.740000e1	-2.787917e-2	3.427663e-3
1.744000e1	-2.384836e-2	3.338649e-3
1.748000e1	-1.993778e-2	2.607734e-3
1.752000e1	-1.553391e-2	2.460791e-3
1.756000e1	-1.077767e-2	2.363744e-3
1.760000e1	-5.916222e-3	1.699040e-3
1.764000e1	-1.101904e-3	1.608790e-3
1.768000e1	3.712836e-3	1.586951e-3
1.772000e1	8.130281e-3	1.611529e-3
1.776000e1	1.246775e-2	1.614050e-3
1.780000e1	1.609762e-2	1.630650e-3
1.784000e1	1.949888e-2	1.647761e-3
1.788000e1	2.252420e-2	1.639105e-3
1.792000e1	2.476518e-2	1.630996e-3
1.796000e1	2.655536e-2	2.369219e-3
1.800000e1	2.780595e-2	2.385050e-3
1.804000e1	2.820480e-2	2.407536e-3
1.808000e1	2.779590e-2	2.086567e-3
1.812000e1	2.706848e-2	2.030661e-3
1.816000e1	2.546709e-2	2.055275e-3
1.820000e1	2.341501e-2	2.000311e-3
1.824000e1	2.078924e-2	1.992938e-3
1.828000e1	1.774140e-2	1.972473e-3
1.832000e1	1.388700e-2	1.968573e-3
1.836000e1	9.881703e-3	1.974679e-3
1.840000e1	5.514811e-3	1.967627e-3
1.844000e1	1.065946e-3	1.967336e-3
1.848000e1	-3.672842e-3	2.010841e-3
1.852000e1	-8.170289e-3	2.167431e-3
1.856000e1	-1.251520e-2	2.205501e-3
1.860000e1	-1.688191e-2	2.786590e-3
1.864000e1	-2.083857e-2	2.915648e-3
1.868000e1	-2.479856e-2	2.994494e-3
1.872000e1	-2.786064e-2	3.718428e-3
1.876000e1	-3.133316e-2	3.764240e-3
1.880000e1	-3.361549e-2	4.597270e-3
1.884000e1	-3.619444e-2	4.653280e-3
1.888000e1	-3.793574e-2	4.691463e-3
1.892000e1	-3.921802e-2	4.668468e-3
1.896000e1	-3.965028e-2	5.410224e-3
1.900000e1	-3.964623e-2	5.412706e-3
1.904000e1	-3.919287e-2	5.116364e-3
1.908000e1	-3.814131e-2	5.059353e-3
1.912000e1	-3.624423e-2	4.978424e-3
1.916000e1	-3.436511e-2	4.239385e-3
1.920000e1	-3.145325e-2	4.174723e-3
1.924000e1	-2.875330e-2	3.418619e-3
1.928000e1	-2.520608e-2	3.294619e-3
1.932000e1	-2.131260e-2	3.251854e-3
1.936000e1	-1.778044e-2	2.579272e-3
1.940000e1	-1.380601e-2	2.423887e-3
1.944000e1	-9.450672e-3	2.348177e-3
1.948000e1	-5.464096e-3	2.345315e-3
1.952000e1	-1.106860e-3	2.354563e-3
1.956000e1	3.259705e-3	2.376880e-3
1.960000e1	7.266762e-3	2.423087e-3
1.964000e1	1.121793e-2	2.449339e-3
1.968000e1	1.471023e-2	2.484331e-3
1.972000e1	1.776101e-2	2.509359e-3
1.976000e1	2.035689e-2	2.525762e-3
1.980000e1	2.252964e-2	2.537204e-3
1.984000e1	2.396154e-2	2.500360e-3
1.988000e1	2.480353e-2	2.416915e-3
1.992000e1	2.512213e-2	2.460509e-3
1.996000e1	2.470449e-2	2.403397e-3
2.000000e1	2.356731e-2	2.132381e-3
2.004000e1	2.180940e-2	2.038048e-3
2.008000e1	1.958886e-2	2.042549e-3
2.012000e1	1.688045e-2	2.026269e-3
2.016000e1	1.383535e-2	2.015889e-3
2.020000e1	1.030164e-2	2.018211e-3
2.024000e1	6.401858e-3	1.968878e-3
2.028000e1	2.380937e-3	1.967919e-3
2.032000e1	-1.909532e-3	1.993840e-3
2.036000e1	-5.917633e-3	2.071086e-3
2.040000e1	-1.029874e-2	2.086472e-3
2.044000e1	-1.425306e-2	2.190125e-3
2.048000e1	-1.820099e-2	2.146786e-3
2.052000e1	-2.167394e-2	2.744364e-3
2.056000e1	-2.484499e-2	2.854115e-3
2.060000e1	-2.826102e-2	2.873913e-3
2.064000e1	-3.048551e-2	3.699218e-3
2.068000e1	-3.273702e-2	3.764051e-3
2.072000e1	-3.484283e-2	3.751851e-3
2.076000e1	-3.577816e-2	4.615171e-3
2.080000e1	-3.666087e-2	4.608870e-3
2.084000e1	-3.701176e-2	4.619953e-3
2.088000e1	-3.663499e-2	4.286887e-3
2.092000e1	-3.559738e-2	4.202340e-3
2.096000e1	-3.409994e-2	4.170769e-3
2.100000e1	-3.213711e-2	4.013696e-3
2.104000e1	-3.005447e-2	3.427153e-3
2.108000e1	-2.733443e-2	3.253882e-3
2.112000e1	-2.427876e-2	3.194185e-3
2.116000e1	-2.129385e-2	2.576588e-3
2.120000e1	-1.776247e-2	2.441161e-3
2.124000e1	-1.422841e-2	2.297794e-3
2.128000e1	-1.031765e-2	2.292324e-3
2.132000e1	-6.343113e-3	1.685949e-3
2.136000e1	-2.375545e-3	1.595703e-3
2.140000e1	1.566981e-3	1.587896e-3
2.144000e1	5.459225e-3	1.572030e-3
2.148000e1	9.045501e-3	1.597208e-3
2.152000e1	1.240101e-2	1.608615e-3
2.156000e1	1.513552e-2	1.643001e-3
2.160000e1	1.739634e-2	1.642565e-3
2.164000e1	1.939704e-2	1.625062e-3
2.168000e1	2.087537e-2	1.606923e-3
2.172000e1	2.178933e-2	1.564077e-3
2.176000e1	2.224047e-2	1.572612e-3
2.180000e1	2.203063e-2	1.538940e-3
2.184000e1	2.128059e-2	1.850375e-3
2.188000e1	2.007933e-2	1.861166e-3
2.192000e1	1.828860e-2	1.920979e-3
2.196000e1	1.604277e-2	1.952268e-3
2.200000e1	1.346662e-2	1.938390e-3
2.204000e1	1.037520e-2	1.933713e-3
2.208000e1	7.154764e-3	1.934502e-3
2.212000e1	3.379020e-3	1.967171e-3
2.216000e1	-2.656698e-4	1.975499e-3
2.220000e1	-4.169621e-3	2.001838e-3
2.224000e1	-8.087588e-3	2.016612e-3
2.228000e1	-1.169338e-2	2.135005e-3
2.232000e1	-1.519002e-2	2.137233e-3
2.236000e1	-1.866682e-2	2.177865e-3
2.240000e1	-2.174054e-2	2.133621e-3
2.244000e1	-2.434099e-2	2.761267e-3
2.248000e1	-2.700775e-2	2.851465e-3
2.252000e1	-2.924463e-2	2.934595e-3
2.256000e1	-3.140265e-2	2.917194e-3
2.260000e1	-3.311954e-2	2.917593e-3
2.264000e1	-3.402240e-2	2.918244e-3
2.268000e1	-3.449627e-2	2.910637e-3
2.272000e1	-3.446451e-2	3.249204e-3
2.276000e1	-3.411257e-2	3.289983e-3
2.280000e1	-3.327047e-2	3.247808e-3
2.284000e1	-3.208256e-2	3.056853e-3
2.288000e1	-3.050631e-2	2.860270e-3
2.292000e1	-2.831639e-2	2.808480e-3
2.296000e1	-2.605403e-2	2.739775e-3
2.300000e1	-2.309259e-2	2.707884e-3
2.304000e1	-2.080829e-2	2.125570e-3
2.308000e1	-1.773943e-2	2.063904e-3
2.312000e1	-1.428700e-2	1.915644e-3
2.316000e1	-1.114699e-2	1.854563e-3
2.320000e1	-7.268314e-3	1.850253e-3
2.324000e1	-3.752553e-3	1.883326e-3
2.328000e1	-2.336069e-4	1.936904e-3
2.332000e1	3.257327e-3	1.933258e-3
2.336000e1	6.435245e-3	1.979019e-3
2.340000e1	9.771186e-3	1.958848e-3
2.344000e1	1.240510e-2	1.987912e-3
2.348000e1	1.467220e-2	2.018054e-3
2.352000e1	1.645065e-2	2.041139e-3
2.356000e1	1.773860e-2	2.056892e-3
2.360000e1	1.870749e-2	2.009242e-3
2.364000e1	1.915759e-2	2.007157e-3
2.368000e1	1.921794e-2	1.989391e-3
2.372000e1	1.893509e-2	1.995678e-3
2.376000e1	1.820098e-2	1.969003e-3
2.380000e1	1.702688e-2	1.938897e-3
2.384000e1	1.556022e-2	1.932067e-3
2.388000e1	1.372039e-2	1.943802e-3
2.392000e1	1.124046e-2	1.964065e-3
2.396000e1	8.525824e-3	1.930189e-3
2.400000e1	5.390022e-3	1.923386e-3
2.404000e1	2.015004e-3	1.931742e-3
2.408000e1	-1.413123e-3	1.982124e-3
2.412000e1	-5.011691e-3	1.935540e-3
2.416000e1	-8.208317e-3	2.024305e-3
2.420000e1	-1.161272e-2	2.096518e-3
2.424000e1	-1.474709e-2	2.112153e-3
2.428000e1	-1.776756e-2	2.175655e-3
2.432000e1	-2.043010e-2	2.159608e-3
2.436000e1	-2.343816e-2	2.050585e-3
2.440000e1	-2.564362e-2	2.083253e-3
2.444000e1	-2.697649e-2	2.804518e-3
2.448000e1	-2.876756e-2	2.838227e-3
2.452000e1	-3.008594e-2	2.877890e-3
2.456000e1	-3.132172e-2	2.822842e-3
2.460000e1	-3.179739e-2	2.866454e-3
2.464000e1	-3.182575e-2	2.897330e-3
2.468000e1	-3.145690e-2	2.934594e-3
2.472000e1	-3.061656e-2	2.855646e-3
2.476000e1	-2.969037e-2	2.710578e-3
2.480000e1	-2.820382e-2	2.484799e-3
2.484000e1	-2.616405e-2	2.476134e-3
2.488000e1	-2.401997e-2	2.365905e-3
2.492000e1	-2.165845e-2	2.225128e-3
2.496000e1	-1.909034e-2	2.199785e-3
2.500000e1	-1.642749e-2	2.164462e-3
2.504000e1	-1.378787e-2	1.691078e-3
2.508000e1	-1.034885e-2	1.616127e-3
2.512000e1	-7.230274e-3	1.509445e-3
2.516000e1	-4.123305e-3	1.512540e-3
2.520000e1	-7.229178e-4	1.501565e-3
2.524000e1	2.368860e-3	1.515681e-3
2.528000e1	5.408960e-3	1.529617e-3
2.532000e1	8.157198e-3	1.576345e-3
2.536000e1	1.063082e-2	1.557094e-3
2.540000e1	1.257951e-2	1.598818e-3
2.544000e1	1.422138e-2	1.599236e-3
2.548000e1	1.521430e-2	1.599591e-3
2.552000e1	1.588763e-2	1.552304e-3
2.556000e1	1.610387e-2	1.566515e-3
2.560000e1	1.598809e-2	1.259613e-3
2.564000e1	1.544594e-2	1.248825e-3
2.568000e1	1.446966e-2	1.182927e-3
2.572000e1	1.304268e-2	1.195711e-3
2.576000e1	1.124556e-2	1.168256e-3
2.580000e1	8.911824e-3	1.096054e-3
2.584000e1	6.383605e-3	1.158894e-3
2.588000e1	3.459291e-3	1.223168e-3
2.592000e1	4.880700e-4	1.112139e-3
2.596000e1	-2.529306e-3	1.204112e-3
2.600000e1	-5.504933e-3	1.274008e-3
2.604000e1	-8.583516e-3	1.268972e-3
2.608000e1	-1.163418e-2	1.282257e-3
2.612000e1	-1.468254e-2	1.812190e-3
2.616000e1	-1.694231e-2	1.920364e-3
2.620000e1	-1.946302e-2	1.972720e-3
2.624000e1	-2.133684e-2	2.074132e-3
2.628000e1	-2.345194e-2	2.092702e-3
2.632000e1	-2.520902e-2	2.083658e-3
2.636000e1	-2.658814e-2	2.113332e-3
2.640000e1	-2.783349e-2	2.059053e-3
2.644000e1	-2.869078e-2	2.056735e-3
2.648000e1	-2.916388e-2	2.077886e-3
2.652000e1	-2.920331e-2	2.103536e-3
2.656000e1	-2.875549e-2	2.073980e-3
2.660000e1	-2.801112e-2	2.157700e-3
2.664000e1	-2.693235e-2	1.892691e-3
2.668000e1	-2.554743e-2	1.880114e-3
2.672000e1	-2.396689e-2	1.945081e-3
2.676000e1	-2.206396e-2	1.756550e-3
2.680000e1	-2.012849e-2	1.823525e-3
2.684000e1	-1.783605e-2	1.716238e-3
2.688000e1	-1.555838e-2	1.574118e-3
2.692000e1	-1.290601e-2	1.485363e-3
2.696000e1	-1.028669e-2	1.430691e-3
2.700000e1	-7.272402e-3	1.419091e-3
2.704000e1	-4.587351e-3	1.451801e-3
2.708000e1	-1.559248e-3	1.468276e-3
2.712000e1	1.125629e-3	1.500042e-3
2.716000e1	3.794611e-3	1.544978e-3
2.720000e1	6.341149e-3	1.548875e-3
2.724000e1	8.635294e-3	1.602210e-3
2.728000e1	1.038634e-2	1.619176e-3
2.732000e1	1.196776e-2	1.548550e-3
2.736000e1	1.288279e-2	1.574007e-3
2.740000e1	1.335590e-2	1.900039e-3
2.744000e1	1.336370e-2	1.895395e-3
2.748000e1	1.291842e-2	1.871930e-3
2.752000e1	1.207182e-2	1.838429e-3
2.756000e1	1.075366e-2	1.837465e-3
2.760000e1	8.950387e-3	1.813903e-3
2.764000e1	6.810206e-3	1.866926e-3
2.768000e1	4.530644e-3	1.867936e-3
2.772000e1	1.940827e-3	1.862447e-3
2.776000e1	-7.150651e-4	1.883145e-3
2.780000e1	-3.580320e-3	1.967806e-3
2.784000e1	-6.318870e-3	1.979123e-3
2.788000e1	-9.053359e-3	1.963509e-3
2.792000e1	-1.165966e-2	2.154627e-3
2.796000e1	-1.415952e-2	2.202379e-3
2.800000e1	-1.644447e-2	2.172237e-3
2.804000e1	-1.826003e-2	2.223638e-3
2.808000e1	-1.996951e-2	2.437546e-3
2.812000e1	-2.167275e-2	2.431633e-3
2.816000e1	-2.300511e-2	2.433057e-3
2.820000e1	-2.429794e-2	2.438666e-3
2.824000e1	-2.517135e-2	2.450244e-3
2.828000e1	-2.600741e-2	2.432432e-3
2.832000e1	-2.621352e-2	2.516945e-3
2.836000e1	-2.626950e-2	2.534380e-3
2.840000e1	-2.599789e-2	2.430043e-3
2.844000e1	-2.563990e-2	2.340369e-3
2.848000e1	-2.487868e-2	2.382677e-3
2.852000e1	-2.408175e-2	2.395872e-3
2.856000e1	-2.258501e-2	2.187316e-3
2.860000e1	-2.138541e-2	2.302820e-3
2.864000e1	-1.992913e-2	2.201871e-3
2.868000e1	-1.816388e-2	2.102076e-3
2.872000e1	-1.636167e-2	2.099764e-3
2.876000e1	-1.421927e-2	1.876121e-3
2.880000e1	-1.168000e-2	1.819029e-3
2.884000e1	-9.410474e-3	1.837739e-3
2.888000e1	-6.771560e-3	1.831639e-3
2.892000e1	-4.158388e-3	1.874808e-3
2.896000e1	-1.587353e-3	1.853423e-3
2.900000e1	9.998830e-4	1.831809e-3
2.904000e1	3.292602e-3	1.963435e-3
2.908000e1	5.468950e-3	1.948259e-3
2.912000e1	7.536381e-3	1.911803e-3
2.916000e1	9.277130e-3	1.916887e-3
2.920000e1	1.061964e-2	1.950756e-3
2.924000e1	1.126065e-2	1.993980e-3
2.928000e1	1.159886e-2	2.009023e-3
2.932000e1	1.150392e-2	1.960384e-3
2.936000e1	1.092901e-2	2.056532e-3
2.940000e1	9.792232e-3	1.946071e-3
2.944000e1	8.445178e-3	1.965800e-3
2.948000e1	6.760716e-3	1.929714e-3
2.952000e1	4.674705e-3	1.931250e-3
2.956000e1	2.452780e-3	1.944949e-3
2.960000e1	1.704871e-4	1.917614e-3
2.964000e1	-2.396629e-3	1.925776e-3
2.968000e1	-4.730695e-3	1.959365e-3
2.972000e1	-7.127101e-3	2.057886e-3
2.976000e1	-9.508704e-3	2.020468e-3
2.980000e1	-1.174219e-2	2.052153e-3
2.984000e1	-1.384202e-2	2.150360e-3
2.988000e1	-1.563245e-2	2.193513e-3
2.992000e1	-1.734856e-2	2.210840e-3
2.996000e1	-1.866246e-2	2.454163e-3
3.000000e1	-1.989920e-2	2.504982e-3
3.004000e1	-2.081557e-2	2.532650e-3
3.008000e1	-2.164593e-2	2.489935e-3
3.012000e1	-2.213768e-2	2.529238e-3
3.016000e1	-2.244214e-2	2.476701e-3
3.020000e1	-2.248601e-2	2.469633e-3
3.024000e1	-2.234658e-2	2.577979e-3
3.028000e1	-2.198752e-2	2.596024e-3
3.032000e1	-2.129932e-2	2.248730e-3
3.036000e1	-2.056259e-2	2.285857e-3
3.040000e1	-1.951390e-2	2.089716e-3
3.044000e1	-1.826557e-2	2.079890e-3
3.048000e1	-1.699988e-2	2.171055e-3
3.052000e1	-1.544500e-2	1.865009e-3
3.056000e1	-1.348511e-2	1.770460e-3
3.060000e1	-1.156750e-2	1.790750e-3
3.064000e1	-9.425780e-3	1.841757e-3
3.068000e1	-7.211525e-3	1.824112e-3
3.072000e1	-4.672690e-3	1.831489e-3
3.076000e1	-2.446172e-3	1.823630e-3
3.080000e1	-2.434220e-4	1.892936e-3
3.084000e1	1.926585e-3	1.905568e-3
3.088000e1	3.781706e-3	1.960350e-3
3.092000e1	5.556564e-3	1.983947e-3
3.096000e1	7.249243e-3	1.951893e-3
3.100000e1	8.480756e-3	1.934827e-3
3.104000e1	9.443652e-3	1.982065e-3
3.108000e1	9.936131e-3	1.966946e-3
3.112000e1	1.000817e-2	2.052546e-3
3.116000e1	9.717406e-3	1.952038e-3
3.120000e1	9.077132e-3	1.977929e-3
3.124000e1	8.054326e-3	1.893921e-3
3.128000e1	6.744723e-3	1.888954e-3
3.132000e1	5.061257e-3	1.940305e-3
3.136000e1	3.324205e-3	1.918958e-3
3.140000e1	1.386066e-3	1.836844e-3
3.144000e1	-7.122711e-4	1.845445e-3
3.148000e1	-2.853138e-3	1.856936e-3
3.152000e1	-4.952305e-3	1.940637e-3
3.156000e1	-7.112200e-3	2.029986e-3
3.160000e1	-9.348705e-3	2.068648e-3
3.164000e1	-1.148211e-2	2.090092e-3
3.168000e1	-1.335642e-2	2.103066e-3
3.172000e1	-1.507659e-2	2.193015e-3
3.176000e1	-1.637752e-2	2.214489e-3
3.180000e1	-1.772964e-2	2.373647e-3
3.184000e1	-1.857364e-2	2.370568e-3
3.188000e1	-1.907938e-2	2.448809e-3
3.192000e1	-1.957292e-2	2.459780e-3
3.196000e1	-1.965209e-2	2.462353e-3
3.200000e1	-1.968647e-2	2.462992e-3
3.204000e1	-1.938836e-2	2.141511e-3
3.208000e1	-1.898516e-2	2.045786e-3
3.212000e1	-1.837045e-2	2.379348e-3
3.216000e1	-1.766324e-2	2.274330e-3
3.220000e1	-1.655738e-2	2.355377e-3
3.224000e1	-1.517837e-2	2.197891e-3
3.228000e1	-1.374667e-2	2.117083e-3
3.232000e1	-1.203010e-2	1.999442e-3
3.236000e1	-1.022819e-2	1.856225e-3
3.240000e1	-8.140619e-3	1.846976e-3
3.244000e1	-5.987313e-3	1.824654e-3
3.248000e1	-4.125592e-3	1.884839e-3
3.252000e1	-2.044890e-3	1.845751e-3
3.256000e1	-1.228476e-4	1.932501e-3
3.260000e1	1.633564e-3	1.943660e-3
3.264000e1	3.367702e-3	1.964633e-3
3.268000e1	4.973352e-3	1.898819e-3
3.272000e1	6.314510e-3	1.939470e-3
3.276000e1	7.385203e-3	2.015310e-3
3.280000e1	8.055495e-3	1.934689e-3
3.284000e1	8.492178e-3	1.906099e-3
3.288000e1	8.567523e-3	2.006376e-3
3.292000e1	8.279413e-3	2.012160e-3
3.296000e1	7.571918e-3	1.904606e-3
3.300000e1	6.643561e-3	1.885232e-3
3.304000e1	5.436267e-3	1.840542e-3
3.308000e1	4.069409e-3	1.903341e-3
3.312000e1	2.447516e-3	1.955310e-3
3.316000e1	8.183077e-4	1.988470e-3
3.320000e1	-1.095386e-3	1.938608e-3
3.324000e1	-2.962444e-3	1.919789e-3
3.328000e1	-4.841979e-3	2.016958e-3
3.332000e1	-6.793546e-3	1.937282e-3
3.336000e1	-8.734119e-3	1.897020e-3
3.340000e1	-1.061673e-2	2.147802e-3
3.344000e1	-1.217996e-2	2.102044e-3
3.348000e1	-1.378028e-2	2.171062e-3
3.352000e1	-1.482269e-2	2.202861e-3
3.356000e1	-1.594844e-2	2.209640e-3
3.360000e1	-1.651304e-2	2.369752e-3
3.364000e1	-1.722420e-2	2.252964e-3
3.368000e1	-1.733467e-2	2.335813e-3
3.372000e1	-1.730653e-2	2.291857e-3
3.376000e1	-1.700003e-2	2.294867e-3
3.380000e1	-1.632802e-2	2.062959e-3
3.384000e1	-1.560881e-2	2.206157e-3
3.388000e1	-1.460577e-2	2.072313e-3
3.392000e1	-1.335286e-2	2.132869e-3
3.396000e1	-1.197181e-2	1.902171e-3
3.400000e1	-1.031437e-2	1.857154e-3
3.404000e1	-8.656626e-3	1.722440e-3
3.408000e1	-6.402284e-3	1.636276e-3
3.412000e1	-4.613961e-3	1.590287e-3
3.416000e1	-2.853996e-3	1.556754e-3
3.420000e1	-1.064612e-3	1.549319e-3
3.424000e1	6.046906e-4	1.516161e-3
3.428000e1	2.131142e-3	1.607114e-3
3.432000e1	3.574519e-3	1.470862e-3
3.436000e1	4.899052e-3	1.493817e-3
3.440000e1	5.885406e-3	1.560485e-3
3.444000e1	6.655179e-3	1.535716e-3
3.448000e1	7.425242e-3	1.624268e-3
3.452000e1	7.580600e-3	1.601983e-3
3.456000e1	7.468376e-3	1.442537e-3
3.460000e1	6.977113e-3	1.394092e-3
3.464000e1	6.155644e-3	1.393734e-3
3.468000e1	5.205616e-3	1.603187e-3
3.472000e1	4.047429e-3	1.475569e-3
3.476000e1	2.765492e-3	1.485399e-3
3.480000e1	1.236783e-3	1.398960e-3
3.484000e1	-1.340580e-4	1.611223e-3
3.488000e1	-1.789906e-3	1.651454e-3
3.492000e1	-3.616027e-3	1.695920e-3
3.496000e1	-5.216248e-3	1.750462e-3
3.500000e1	-6.918978e-3	1.649823e-3
3.504000e1	-8.656631e-3	1.685582e-3
3.508000e1	-1.011242e-2	1.839525e-3
3.512000e1	-1.153272e-2	1.908787e-3
3.516000e1	-1.298661e-2	1.976070e-3
3.520000e1	-1.389338e-2	2.012283e-3
3.524000e1	-1.464135e-2	2.096148e-3
3.528000e1	-1.523025e-2	2.110503e-3
3.532000e1	-1.555129e-2	2.150525e-3
3.536000e1	-1.553526e-2	2.174001e-3
3.540000e1	-1.528676e-2	2.084302e-3
3.544000e1	-1.436626e-2	2.179917e-3
3.548000e1	-1.371587e-2	1.698057e-3
3.552000e1	-1.263370e-2	1.855150e-3
3.556000e1	-1.153687e-2	1.689174e-3
3.560000e1	-1.002063e-2	1.718269e-3
3.564000e1	-8.446669e-3	1.661098e-3
3.568000e1	-6.892177e-3	1.492413e-3
3.572000e1	-5.358963e-3	1.603932e-3
3.576000e1	-3.689639e-3	1.453215e-3
3.580000e1	-2.050807e-3	1.404078e-3
3.584000e1	-6.114580e-4	1.470848e-3
3.588000e1	9.562964e-4	1.380766e-3
3.592000e1	2.218154e-3	1.391599e-3
3.596000e1	3.349619e-3	1.494802e-3
3.600000e1	4.299688e-3	1.574082e-3
3.604000e1	5.121311e-3	1.564606e-3
3.608000e1	5.773186e-3	1.446054e-3
3.612000e1	6.181067e-3	1.528297e-3
3.616000e1	6.508671e-3	1.612205e-3
3.620000e1	6.513560e-3	1.616676e-3
3.624000e1	6.136751e-3	1.527648e-3
3.628000e1	5.865220e-3	1.602989e-3
3.632000e1	5.176301e-3	1.502687e-3
3.636000e1	4.426274e-3	1.410122e-3
3.640000e1	3.634554e-3	1.485676e-3
3.644000e1	2.608486e-3	1.601667e-3
3.648000e1	1.271560e-3	1.442344e-3
3.652000e1	-4.227709e-5	1.447487e-3
3.656000e1	-1.338451e-3	1.699629e-3
3.660000e1	-3.043335e-3	1.543625e-3
3.664000e1	-4.342809e-3	1.704533e-3
3.668000e1	-5.673927e-3	1.677442e-3
3.672000e1	-7.364513e-3	1.627427e-3
3.676000e1	-8.795039e-3	1.740986e-3
3.680000e1	-1.026272e-2	1.766125e-3
3.684000e1	-1.160408e-2	1.841860e-3
3.688000e1	-1.258992e-2	1.798000e-3
3.692000e1	-1.341623e-2	2.034206e-3
3.696000e1	-1.411428e-2	2.035532e-3
3.700000e1	-1.438829e-2	1.987488e-3
3.704000e1	-1.449874e-2	1.975008e-3
3.708000e1	-1.444413e-2	1.985713e-3
3.712000e1	-1.403493e-2	2.024320e-3
3.716000e1	-1.366437e-2	1.948225e-3
3.720000e1	-1.280801e-2	1.737970e-3
3.724000e1	-1.170116e-2	1.950293e-3
3.728000e1	-1.075024e-2	1.661248e-3
3.732000e1	-9.302113e-3	1.777179e-3
3.736000e1	-7.758910e-3	1.730412e-3
3.740000e1	-6.338439e-3	1.633416e-3
3.744000e1	-4.724668e-3	1.492793e-3
3.748000e1	-3.342697e-3	1.483302e-3
3.752000e1	-1.958687e-3	1.462393e-3
3.756000e1	-5.939100e-4	1.475544e-3
3.760000e1	6.833925e-4	1.449690e-3
3.764000e1	1.873784e-3	1.381338e-3
3.768000e1	2.905229e-3	1.502708e-3
3.772000e1	3.606333e-3	1.512858e-3
3.776000e1	4.395368e-3	1.447543e-3
3.780000e1	4.972801e-3	1.507536e-3
3.784000e1	5.252408e-3	1.389845e-3
3.788000e1	5.270969e-3	1.468329e-3
3.792000e1	5.262022e-3	1.461841e-3
3.796000e1	4.864088e-3	1.476300e-3
3.800000e1	4.807476e-3	1.582837e-3
3.804000e1	4.024731e-3	1.443298e-3
3.808000e1	3.423027e-3	1.553282e-3
3.812000e1	2.470288e-3	1.553328e-3
3.816000e1	1.306977e-3	1.424794e-3
3.820000e1	-3.226922e-5	1.416393e-3
3.824000e1	-1.236399e-3	1.476736e-3
3.828000e1	-2.536958e-3	1.512176e-3
3.832000e1	-3.927841e-3	1.480105e-3
3.836000e1	-5.405337e-3	1.381481e-3
3.840000e1	-6.706373e-3	1.649668e-3
3.844000e1	-8.139731e-3	1.619591e-3
3.848000e1	-9.446008e-3	1.885010e-3
3.852000e1	-1.072130e-2	1.893193e-3
3.856000e1	-1.169991e-2	1.803280e-3
3.860000e1	-1.285416e-2	1.978452e-3
3.864000e1	-1.336383e-2	1.972654e-3
3.868000e1	-1.375640e-2	2.057017e-3
3.872000e1	-1.390722e-2	2.041441e-3
3.876000e1	-1.388391e-2	2.036769e-3
3.880000e1	-1.361242e-2	1.839058e-3
3.884000e1	-1.310722e-2	1.810409e-3
3.888000e1	-1.217482e-2	1.547613e-3
3.892000e1	-1.108784e-2	2.057938e-3
3.896000e1	-9.952472e-3	1.956829e-3
3.900000e1	-8.594870e-3	1.693875e-3
3.904000e1	-7.209308e-3	1.746084e-3
3.908000e1	-5.814662e-3	1.728365e-3
3.912000e1	-4.545245e-3	1.541492e-3
3.916000e1	-3.268638e-3	1.556025e-3
3.920000e1	-1.901350e-3	1.547755e-3
3.924000e1	-6.294806e-4	1.491035e-3
3.928000e1	5.230980e-4	1.428847e-3
3.932000e1	1.499664e-3	1.456707e-3
3.936000e1	2.388567e-3	1.461912e-3
3.940000e1	3.079588e-3	1.385065e-3
3.944000e1	3.769770e-3	1.538320e-3
3.948000e1	4.232893e-3	1.522334e-3
3.952000e1	4.316390e-3	1.415115e-3
3.956000e1	4.351815e-3	1.377926e-3
3.960000e1	4.295002e-3	1.611585e-3
3.964000e1	3.944501e-3	1.471859e-3
3.968000e1	3.515740e-3	1.431360e-3
3.972000e1	3.022245e-3	1.580717e-3
3.976000e1	2.255770e-3	1.635251e-3
3.980000e1	1.361906e-3	1.425383e-3
3.984000e1	4.443859e-4	1.600164e-3
3.988000e1	-6.717589e-4	1.490235e-3
3.992000e1	-1.665688e-3	1.653428e-3
3.996000e1	-3.074838e-3	1.768463e-3
4.000000e1	-4.304376e-3	1.677152e-3
4.004000e1	-5.551511e-3	1.690432e-3
4.008000e1	-6.787646e-3	1.821885e-3
4.012000e1	-8.114185e-3	1.799585e-3
4.016000e1	-9.417451e-3	1.837150e-3
4.020000e1	-1.060405e-2	1.950932e-3
4.024000e1	-1.147780e-2	1.974046e-3
4.028000e1	-1.223787e-2	1.979656e-3
4.032000e1	-1.278075e-2	2.152391e-3
4.036000e1	-1.314047e-2	2.264926e-3
4.040000e1	-1.311319e-2	2.351161e-3
4.044000e1	-1.286513e-2	2.298658e-3
4.048000e1	-1.248455e-2	2.405124e-3
4.052000e1	-1.194233e-2	2.331428e-3
4.056000e1	-1.108416e-2	2.169363e-3
4.060000e1	-1.001095e-2	2.084085e-3
4.064000e1	-8.932453e-3	2.081990e-3
4.068000e1	-7.745273e-3	1.768717e-3
4.072000e1	-6.323104e-3	1.751496e-3
4.076000e1	-5.036428e-3	1.812663e-3
4.080000e1	-3.836440e-3	1.735727e-3
4.084000e1	-2.508211e-3	1.671389e-3
4.088000e1	-1.248130e-3	1.524205e-3
4.092000e1	-2.035745e-4	1.590439e-3
4.096000e1	8.545121e-4	1.667029e-3
4.100000e1	1.741483e-3	1.666310e-3
4.104000e1	2.306783e-3	1.498367e-3
4.108000e1	3.009756e-3	1.613588e-3
4.112000e1	3.537096e-3	1.645414e-3
4.116000e1	3.995139e-3	1.589231e-3
4.120000e1	3.929595e-3	1.374214e-3
4.124000e1	3.928868e-3	1.522759e-3
4.128000e1	3.599655e-3	1.616313e-3
4.132000e1	2.923688e-3	1.358553e-3
4.136000e1	2.455876e-3	1.568718e-3
4.140000e1	1.619026e-3	1.384411e-3
4.144000e1	7.629898e-4	1.395033e-3
4.148000e1	-8.952376e-5	1.696238e-3
4.152000e1	-1.323231e-3	1.538144e-3
4.156000e1	-2.294966e-3	1.704844e-3
4.160000e1	-3.582851e-3	1.452661e-3
4.164000e1	-4.805255e-3	1.707695e-3
4.168000e1	-5.866393e-3	1.872030e-3
4.172000e1	-7.118851e-3	1.869524e-3
4.176000e1	-8.554417e-3	1.831133e-3
4.180000e1	-9.762499e-3	1.876065e-3
4.184000e1	-1.070545e-2	1.938231e-3
4.188000e1	-1.146598e-2	2.001776e-3
4.192000e1	-1.222638e-2	1.899302e-3
4.196000e1	-1.264629e-2	1.937274e-3
4.200000e1	-1.276801e-2	1.969709e-3
4.204000e1	-1.267627e-2	1.969116e-3
4.208000e1	-1.238753e-2	1.897789e-3
4.212000e1	-1.203323e-2	1.748495e-3
4.216000e1	-1.137211e-2	1.699823e-3
4.220000e1	-1.041223e-2	1.885809e-3
4.224000e1	-9.473100e-3	1.671996e-3
4.228000e1	-8.281324e-3	1.799574e-3
4.232000e1	-7.086968e-3	1.838985e-3
4.236000e1	-5.856424e-3	1.730989e-3
4.240000e1	-4.743934e-3	1.629635e-3
4.244000e1	-3.578631e-3	1.687783e-3
4.248000e1	-2.419162e-3	1.514570e-3
4.252000e1	-1.389530e-3	1.547296e-3
4.256000e1	-5.021498e-4	1.549487e-3
4.260000e1	4.143938e-4	1.346200e-3
4.264000e1	1.019521e-3	1.350823e-3
4.268000e1	1.737811e-3	1.335090e-3
4.272000e1	2.104445e-3	1.329778e-3
4.276000e1	2.582771e-3	1.618199e-3
4.280000e1	2.625024e-3	1.432120e-3
4.284000e1	2.782485e-3	1.492267e-3
4.288000e1	2.701137e-3	1.454132e-3