	mass_A
t	x	y
0.000000e0	-1.023518e-1	1.338362e-2
4.000000e-2	-9.714494e-2	1.242580e-2
8.000000e-2	-9.007910e-2	1.071979e-2
1.200000e-1	-8.129031e-2	8.146555e-3
1.600000e-1	-7.032692e-2	6.378708e-3
2.000000e-1	-5.803273e-2	4.626217e-3
2.400000e-1	-4.486805e-2	3.291055e-3
2.800000e-1	-3.121158e-2	1.391547e-3
3.200000e-1	-1.507111e-2	1.493227e-3
3.600000e-1	-1.410971e-4	5.345354e-4
4.000000e-1	1.471566e-2	-1.745280e-4
4.400000e-1	2.883164e-2	-1.308645e-5
4.800000e-1	4.157661e-2	1.525538e-3
5.200000e-1	5.303062e-2	3.279331e-3
5.600000e-1	6.308102e-2	5.014623e-3
6.000000e-1	7.054756e-2	5.944351e-3
6.400000e-1	7.667852e-2	6.839706e-3
6.800000e-1	8.107712e-2	7.694713e-3
7.200000e-1	8.370678e-2	8.560400e-3
7.600000e-1	8.373502e-2	8.134109e-3
8.000000e-1	8.198186e-2	8.162927e-3
8.400000e-1	7.804334e-2	7.267614e-3
8.800000e-1	7.272691e-2	6.322864e-3
9.200000e-1	6.488842e-2	4.502638e-3
9.600000e-1	5.560629e-2	2.699095e-3
1.000000e0	4.462218e-2	1.088359e-3
1.040000e0	3.194969e-2	2.344261e-4
1.080000e0	1.870602e-2	2.121054e-4
1.120000e0	4.317245e-3	1.420802e-4
1.160000e0	-1.024569e-2	1.002539e-3
1.200000e0	-2.510131e-2	1.078516e-3
1.240000e0	-3.952118e-2	2.776533e-3
1.280000e0	-5.278742e-2	4.564198e-3
1.320000e0	-6.506393e-2	6.289606e-3
1.360000e0	-7.558182e-2	8.917337e-3
1.400000e0	-8.611504e-2	8.964162e-3
1.440000e0	-9.357869e-2	1.070742e-2
1.480000e0	-9.884634e-2	1.247833e-2
1.520000e0	-1.019213e-1	1.338169e-2
1.560000e0	-1.009257e-1	1.294482e-2
1.600000e0	-9.949828e-2	1.249295e-2
1.640000e0	-9.607090e-2	1.118750e-2
1.680000e0	-9.079634e-2	1.029153e-2
1.720000e0	-8.378054e-2	8.536848e-3
1.760000e0	-7.460423e-2	6.810848e-3
1.800000e0	-6.364542e-2	5.900109e-3
1.840000e0	-5.177299e-2	4.157919e-3
1.880000e0	-3.860655e-2	2.410516e-3
1.920000e0	-2.501202e-2	1.097018e-3
1.960000e0	-1.057584e-2	9.576817e-4
2.000000e0	3.556848e-3	-6.017937e-4
2.040000e0	1.755318e-2	-5.877864e-4
2.080000e0	3.057583e-2	-3.795983e-4
2.120000e0	4.256194e-2	1.104151e-3
2.160000e0	5.309659e-2	1.122239e-3
2.200000e0	6.230456e-2	4.538059e-3
2.240000e0	6.888014e-2	5.476736e-3
2.280000e0	7.370889e-2	5.518812e-3
2.320000e0	7.722825e-2	6.378593e-3
2.360000e0	7.899829e-2	7.227787e-3
2.400000e0	7.857912e-2	6.813968e-3
2.440000e0	7.643652e-2	6.804094e-3
2.480000e0	7.241930e-2	5.923082e-3
2.520000e0	6.671918e-2	4.881963e-3
2.560000e0	5.884951e-2	3.038405e-3
2.600000e0	4.958048e-2	1.516294e-3
2.640000e0	3.859528e-2	6.539481e-4
2.680000e0	2.674029e-2	-1.747953e-4
2.720000e0	1.360105e-2	-1.836044e-4
2.760000e0	-3.060914e-5	-2.036675e-4
2.800000e0	-1.404841e-2	6.354736e-4
2.840000e0	-2.771330e-2	1.603588e-3
2.880000e0	-4.119016e-2	3.292291e-3
2.920000e0	-5.353331e-2	5.000069e-3
2.960000e0	-6.450709e-2	6.707938e-3
3.000000e0	-7.415167e-2	8.460439e-3
3.040000e0	-8.204656e-2	1.022456e-2
3.080000e0	-8.863780e-2	1.198558e-2
3.120000e0	-9.391156e-2	1.291163e-2
3.160000e0	-9.609770e-2	1.379845e-2
3.200000e0	-9.610632e-2	1.420379e-2
3.240000e0	-9.474916e-2	1.331031e-2
3.280000e0	-8.999294e-2	1.228871e-2
3.320000e0	-8.463605e-2	1.045235e-2
3.360000e0	-7.723636e-2	8.041200e-3
3.400000e0	-6.838132e-2	7.013135e-3
3.440000e0	-5.749003e-2	5.444397e-3
3.480000e0	-4.604221e-2	3.707095e-3
3.520000e0	-3.333338e-2	1.974586e-3
3.560000e0	-1.975026e-2	1.084614e-3
3.600000e0	-6.164664e-3	1.910894e-4
3.640000e0	7.070689e-3	8.498416e-5
3.680000e0	2.007117e-2	1.691242e-4
3.720000e0	3.203598e-2	2.625671e-4
3.760000e0	4.305439e-2	2.422765e-4
3.800000e0	5.265325e-2	2.772789e-3
3.840000e0	6.097999e-2	4.514733e-3
3.880000e0	6.582267e-2	3.720023e-3
3.920000e0	7.062814e-2	5.496047e-3
3.960000e0	7.325407e-2	5.510112e-3
4.000000e0	7.458983e-2	6.355062e-3
4.040000e0	7.339485e-2	5.929658e-3
4.080000e0	7.070707e-2	5.064190e-3
4.120000e0	6.662979e-2	4.130011e-3
4.160000e0	6.103677e-2	3.996463e-3
4.200000e0	5.308808e-2	2.267636e-3
4.240000e0	4.386724e-2	6.378853e-4
4.280000e0	3.297326e-2	6.357783e-4
4.320000e0	2.144994e-2	6.035715e-4
4.360000e0	9.131691e-3	5.863384e-4
4.400000e0	-3.956256e-3	5.794875e-4
4.440000e0	-1.717700e-2	6.473510e-4
4.480000e0	-3.019561e-2	2.389237e-3
4.520000e0	-4.253617e-2	3.256209e-3
4.560000e0	-5.400388e-2	4.985353e-3
4.600000e0	-6.407035e-2	6.726445e-3
4.640000e0	-7.284000e-2	8.493609e-3
4.680000e0	-8.163468e-2	8.499862e-3
4.720000e0	-8.729965e-2	1.024836e-2
4.760000e0	-9.128549e-2	1.031084e-2
4.800000e0	-9.256515e-2	1.204941e-2
4.840000e0	-9.255035e-2	1.160935e-2
4.880000e0	-9.040820e-2	1.066701e-2
4.920000e0	-8.605199e-2	9.713548e-3
4.960000e0	-8.028973e-2	8.010651e-3
5.000000e0	-7.237844e-2	7.030780e-3
5.040000e0	-6.320105e-2	6.112529e-3
5.080000e0	-5.264235e-2	4.576446e-3
5.120000e0	-4.083925e-2	2.840798e-3
5.160000e0	-2.854235e-2	1.125865e-3
5.200000e0	-1.582128e-2	1.044664e-3
5.240000e0	-3.075221e-3	1.541388e-4
5.280000e0	9.600692e-3	1.778879e-4
5.320000e0	2.148817e-2	2.122573e-4
5.360000e0	3.280650e-2	3.124357e-4
5.400000e0	4.257878e-2	1.067598e-3
5.440000e0	5.135677e-2	2.711460e-3
5.480000e0	5.750144e-2	2.847184e-3
5.520000e0	6.278681e-2	3.745900e-3
5.560000e0	6.669662e-2	3.752713e-3
5.600000e0	6.891169e-2	4.619041e-3
5.640000e0	6.938125e-2	5.015671e-3
5.680000e0	6.803855e-2	4.248700e-3
5.720000e0	6.531948e-2	4.204312e-3
5.760000e0	6.061875e-2	3.246795e-3
5.800000e0	5.483841e-2	1.520041e-3
5.840000e0	4.740460e-2	1.447519e-3
5.880000e0	3.822655e-2	6.393783e-4
5.920000e0	2.766087e-2	5.950696e-4
5.960000e0	1.627115e-2	-2.147315e-4
6.000000e0	4.336862e-3	-2.586108e-4
6.040000e0	-7.963275e-3	-2.328412e-4
6.080000e0	-2.027657e-2	5.961579e-4
6.120000e0	-3.245677e-2	1.571888e-3
6.160000e0	-4.391594e-2	2.425534e-3
6.200000e0	-5.486336e-2	3.338597e-3
6.240000e0	-6.493916e-2	4.222391e-3
6.280000e0	-7.369807e-2	5.935635e-3
6.320000e0	-8.027001e-2	6.796901e-3
6.360000e0	-8.513301e-2	7.683833e-3
6.400000e0	-8.815214e-2	8.553691e-3
6.440000e0	-8.622564e-2	9.653761e-3
6.480000e0	-8.571554e-2	9.584627e-3
6.520000e0	-8.312175e-2	8.719097e-3
6.560000e0	-7.909292e-2	7.808492e-3
6.600000e0	-7.303998e-2	6.989531e-3
6.640000e0	-6.519857e-2	6.124191e-3
6.680000e0	-5.642553e-2	4.395133e-3
6.720000e0	-4.630434e-2	3.481876e-3
6.760000e0	-3.532527e-2	1.762314e-3
6.800000e0	-2.348892e-2	8.821302e-4
6.840000e0	-1.161994e-2	9.550402e-6
6.880000e0	6.671237e-4	-2.492344e-5
6.920000e0	1.249754e-2	-6.770828e-5
6.960000e0	2.346293e-2	-8.856467e-5
7.000000e0	3.391852e-2	-4.750944e-5
7.040000e0	4.312435e-2	3.812803e-5
7.080000e0	5.105356e-2	8.659031e-4
7.120000e0	5.770562e-2	3.322244e-3
7.160000e0	6.381837e-2	3.470812e-3
7.200000e0	6.779480e-2	3.519105e-3
7.240000e0	6.735852e-2	3.516217e-3
7.280000e0	6.779237e-2	3.942614e-3
7.320000e0	6.558998e-2	3.909164e-3
7.360000e0	6.294514e-2	3.078373e-3
7.400000e0	5.734143e-2	2.184399e-3
7.440000e0	5.106590e-2	1.295201e-3
7.480000e0	4.281321e-2	4.295722e-4
7.520000e0	3.399842e-2	4.207500e-4
7.560000e0	2.390946e-2	3.617444e-4
7.600000e0	1.296507e-2	-4.456226e-4
7.640000e0	1.557922e-3	-4.322604e-4
7.680000e0	-9.892426e-3	4.153150e-4
7.720000e0	-2.175622e-2	4.656584e-4
7.760000e0	-3.315060e-2	2.138779e-3
7.800000e0	-4.378484e-2	3.096909e-3
7.840000e0	-5.337389e-2	4.676511e-3
7.880000e0	-6.164441e-2	6.421505e-3
7.920000e0	-6.865953e-2	7.414302e-3
7.960000e0	-7.391928e-2	8.309066e-3
8.000000e0	-7.743645e-2	8.359700e-3
8.040000e0	-7.931291e-2	9.141848e-3
8.080000e0	-8.097444e-2	1.048312e-2
8.120000e0	-7.922964e-2	8.799102e-3
8.160000e0	-7.699659e-2	7.944381e-3
8.200000e0	-7.305690e-2	7.107728e-3
8.240000e0	-6.760337e-2	6.134478e-3
8.280000e0	-6.035903e-2	5.249584e-3
8.320000e0	-5.159031e-2	3.556308e-3
8.360000e0	-4.190981e-2	2.644586e-3
8.400000e0	-3.136587e-2	1.751295e-3
8.440000e0	-1.997442e-2	8.848752e-4
8.480000e0	-8.559769e-3	1.395529e-5
8.520000e0	2.834505e-3	-7.910964e-4
8.560000e0	1.383908e-2	-1.035968e-4
8.600000e0	2.397478e-2	-9.702279e-5
8.640000e0	3.364812e-2	-3.505581e-5
8.680000e0	4.205835e-2	-5.352763e-5
8.720000e0	4.934728e-2	1.569467e-3
8.760000e0	5.595219e-2	1.760725e-3
8.800000e0	6.079893e-2	2.648548e-3
8.840000e0	6.422004e-2	3.469539e-3
8.880000e0	6.426286e-2	3.924267e-3
8.920000e0	6.473287e-2	3.908512e-3
8.960000e0	6.232820e-2	3.054998e-3
9.000000e0	5.804244e-2	2.229522e-3
9.040000e0	5.244299e-2	1.330485e-3
9.080000e0	4.590423e-2	4.456280e-4
9.120000e0	3.836927e-2	-4.173548e-4
9.160000e0	2.921526e-2	-4.251939e-4
9.200000e0	1.951567e-2	-4.221493e-4
9.240000e0	9.033292e-3	-4.632983e-4
9.280000e0	-1.977919e-3	-4.031520e-4
9.320000e0	-1.294182e-2	4.298058e-4
9.360000e0	-2.395234e-2	1.311811e-3
9.400000e0	-3.448892e-2	2.154859e-3
9.440000e0	-4.444375e-2	3.070330e-3
9.480000e0	-5.332672e-2	3.967530e-3
9.520000e0	-6.122425e-2	4.044532e-3
9.560000e0	-6.648492e-2	5.758561e-3
9.600000e0	-7.128920e-2	6.636700e-3
9.640000e0	-7.408599e-2	7.509521e-3
9.680000e0	-7.571132e-2	7.511050e-3
9.720000e0	-7.575129e-2	7.915771e-3
9.760000e0	-7.463340e-2	7.934726e-3
9.800000e0	-7.212902e-2	7.021885e-3
9.840000e0	-6.784743e-2	6.198180e-3
9.880000e0	-6.208518e-2	5.360735e-3
9.920000e0	-5.464579e-2	4.381788e-3
9.960000e0	-4.589260e-2	2.674064e-3
1.000000e1	-3.621724e-2	1.764794e-3
1.004000e1	-2.610767e-2	8.883808e-4
1.008000e1	-1.557233e-2	2.882189e-5
1.012000e1	-4.615137e-3	-2.281647e-5
1.016000e1	5.956187e-3	-9.949832e-5
1.020000e1	1.609229e-2	-1.928939e-4
1.024000e1	2.565307e-2	-1.435467e-4
1.028000e1	3.434468e-2	-5.670976e-5
1.032000e1	4.193277e-2	3.606817e-5
1.036000e1	4.849249e-2	1.649365e-3
1.040000e1	5.421246e-2	1.773996e-3
1.044000e1	5.850689e-2	2.606515e-3
1.048000e1	6.077813e-2	2.655369e-3
1.052000e1	5.902100e-2	2.632672e-3
1.056000e1	6.029772e-2	3.021964e-3
1.060000e1	5.717922e-2	2.221847e-3
1.064000e1	5.278727e-2	2.135337e-3
1.068000e1	4.714383e-2	4.569305e-4
1.072000e1	4.057752e-2	-4.019591e-4
1.076000e1	3.309530e-2	-4.367257e-4
1.080000e1	2.430641e-2	-4.378446e-4
1.084000e1	1.471185e-2	-4.747376e-4
1.088000e1	4.618068e-3	-4.556568e-4
1.092000e1	-5.924915e-3	-4.134294e-4
1.096000e1	-1.641405e-2	4.470734e-4
1.100000e1	-2.654853e-2	1.324939e-3
1.104000e1	-3.623509e-2	1.438056e-3
1.108000e1	-4.532061e-2	2.577943e-3
1.112000e1	-5.333300e-2	3.207311e-3
1.116000e1	-6.034323e-2	4.025860e-3
1.120000e1	-6.693547e-2	5.697660e-3
1.124000e1	-7.170324e-2	6.539051e-3
1.128000e1	-7.479892e-2	6.532560e-3
1.132000e1	-7.595955e-2	6.590901e-3
1.136000e1	-7.544160e-2	6.884092e-3
1.140000e1	-7.300333e-2	6.211173e-3
1.144000e1	-6.900432e-2	6.081280e-3
1.148000e1	-6.340898e-2	5.998798e-3
1.152000e1	-5.717420e-2	5.186459e-3
1.156000e1	-4.972257e-2	3.524427e-3
1.160000e1	-4.103944e-2	2.615562e-3
1.164000e1	-3.181144e-2	1.746993e-3
1.168000e1	-2.214733e-2	8.828724e-4
1.172000e1	-1.205346e-2	1.765849e-5
1.176000e1	-1.905550e-3	-7.432600e-5
1.180000e1	8.116784e-3	-6.623839e-4
1.184000e1	1.745965e-2	-1.397359e-4
1.188000e1	2.619154e-2	7.533246e-6
1.192000e1	3.420231e-2	5.024516e-5
1.196000e1	4.097461e-2	5.084583e-5
1.200000e1	4.635517e-2	7.746768e-4
1.204000e1	5.019872e-2	8.720264e-4
1.208000e1	5.257687e-2	9.050892e-4
1.212000e1	5.417817e-2	8.950759e-4
1.216000e1	5.419628e-2	1.275670e-3
1.220000e1	5.325780e-2	6.000842e-4
1.224000e1	5.069034e-2	5.574435e-4
1.228000e1	4.709004e-2	4.974469e-4
1.232000e1	4.162418e-2	-3.293976e-4
1.236000e1	3.524744e-2	-4.002202e-4
1.240000e1	2.738312e-2	-4.055423e-4
1.244000e1	1.872618e-2	-4.041929e-4
1.248000e1	9.788570e-3	-4.422441e-4
1.252000e1	1.765964e-4	-3.968455e-4
1.256000e1	-9.881535e-3	-3.736009e-4
1.260000e1	-1.957617e-2	4.808202e-4
1.264000e1	-2.915640e-2	1.300713e-3
1.268000e1	-3.809466e-2	2.174649e-3
1.272000e1	-4.631721e-2	3.072441e-3
1.276000e1	-5.374610e-2	3.200715e-3
1.280000e1	-6.073374e-2	4.837289e-3
1.284000e1	-6.595752e-2	5.659281e-3
1.288000e1	-6.959393e-2	5.749024e-3
1.292000e1	-7.177743e-2	5.762729e-3
1.296000e1	-7.042056e-2	7.023795e-3
1.300000e1	-7.109929e-2	6.157755e-3
1.304000e1	-6.821380e-2	5.409878e-3
1.308000e1	-6.384030e-2	5.368105e-3
1.312000e1	-5.815820e-2	4.413704e-3
1.316000e1	-5.165734e-2	3.572216e-3
1.320000e1	-4.415866e-2	2.673028e-3
1.324000e1	-3.579036e-2	1.776549e-3
1.328000e1	-2.697430e-2	8.951310e-4
1.332000e1	-1.734911e-2	8.743123e-4
1.336000e1	-8.066425e-3	4.422050e-5
1.340000e1	1.638340e-3	-6.409152e-5
1.344000e1	1.068469e-2	-7.452478e-4
1.348000e1	1.922507e-2	-1.036431e-4
1.352000e1	2.727925e-2	-7.119760e-5
1.356000e1	3.444138e-2	-1.239055e-5
1.360000e1	4.054089e-2	7.998283e-4
1.364000e1	4.537714e-2	1.659711e-3
1.368000e1	4.981476e-2	1.734323e-3
1.372000e1	5.071511e-2	1.318038e-3
1.376000e1	5.199861e-2	1.746692e-3
1.380000e1	5.156576e-2	1.316369e-3
1.384000e1	5.023808e-2	1.301898e-3
1.388000e1	4.666737e-2	4.285938e-4
1.392000e1	4.240065e-2	3.870983e-4
1.396000e1	3.699138e-2	-4.191954e-4
1.400000e1	3.038556e-2	-4.401144e-4
1.404000e1	2.263926e-2	-4.245959e-4
1.408000e1	1.437095e-2	-4.774060e-4
1.412000e1	5.509288e-3	-4.434875e-4
1.416000e1	-3.724702e-3	-4.034090e-4
1.420000e1	-1.291749e-2	4.285369e-4
1.424000e1	-2.217241e-2	4.729943e-4
1.428000e1	-3.102471e-2	1.359200e-3
1.432000e1	-3.916060e-2	2.233213e-3
1.436000e1	-4.635058e-2	3.059543e-3
1.440000e1	-5.203692e-2	3.962880e-3
1.444000e1	-5.693497e-2	4.834224e-3
1.448000e1	-6.075381e-2	5.693440e-3
1.452000e1	-6.305770e-2	5.744455e-3
1.456000e1	-6.436565e-2	5.718918e-3
1.460000e1	-6.439466e-2	6.121490e-3
1.464000e1	-6.335510e-2	6.085216e-3
1.468000e1	-6.125282e-2	5.291606e-3
1.472000e1	-5.768872e-2	4.496444e-3
1.476000e1	-5.282947e-2	3.616445e-3
1.480000e1	-4.671518e-2	2.793884e-3
1.484000e1	-3.968991e-2	2.605719e-3
1.488000e1	-3.142434e-2	1.752893e-3
1.492000e1	-2.302474e-2	8.821918e-4
1.496000e1	-1.420460e-2	1.358115e-5
1.500000e1	-4.968011e-3	-7.788701e-5
1.504000e1	4.005453e-3	-1.228055e-4
1.508000e1	1.236655e-2	-2.902760e-4
1.512000e1	2.039855e-2	-1.324760e-4
1.516000e1	2.772371e-2	-1.541433e-4
1.520000e1	3.434558e-2	1.780653e-5
1.524000e1	3.963435e-2	-1.828044e-5
1.528000e1	4.403701e-2	1.611043e-3
1.532000e1	4.753839e-2	1.624643e-3
1.536000e1	4.847650e-2	4.424599e-4
1.540000e1	4.849729e-2	4.386083e-4
1.544000e1	4.762421e-2	2.352014e-5
1.548000e1	4.587005e-2	5.783928e-7
1.552000e1	4.267724e-2	4.159666e-4
1.556000e1	3.805487e-2	4.045651e-4
1.560000e1	3.236720e-2	4.094832e-4
1.564000e1	2.603362e-2	-4.037870e-4
1.568000e1	1.864007e-2	-3.984942e-4
1.572000e1	1.076904e-2	-5.000409e-4
1.576000e1	2.025323e-3	-4.356875e-4
1.580000e1	-6.394049e-3	3.670526e-4
1.584000e1	-1.514111e-2	1.223938e-3
1.588000e1	-2.391246e-2	1.304355e-3
1.592000e1	-3.213743e-2	2.121059e-3
1.596000e1	-3.976258e-2	2.717171e-3
1.600000e1	-4.667736e-2	3.864186e-3
1.604000e1	-5.285723e-2	3.985587e-3
1.608000e1	-5.808019e-2	4.815123e-3
1.612000e1	-6.191534e-2	5.484205e-3
1.616000e1	-6.426139e-2	5.659399e-3
1.620000e1	-6.426472e-2	5.275351e-3
1.624000e1	-6.341258e-2	5.272084e-3
1.628000e1	-6.120171e-2	5.247996e-3
1.632000e1	-5.855234e-2	4.428885e-3
1.636000e1	-5.412039e-2	4.344039e-3
1.640000e1	-4.862291e-2	3.512490e-3
1.644000e1	-4.228817e-2	2.638768e-3
1.648000e1	-3.526687e-2	1.759792e-3
1.652000e1	-2.743390e-2	1.746255e-3
1.656000e1	-1.909081e-2	8.737985e-4
1.660000e1	-1.068469e-2	2.534900e-5
1.664000e1	-2.035085e-3	-4.724939e-5
1.668000e1	6.101958e-3	-7.935663e-4
1.672000e1	1.403826e-2	-7.832225e-4
1.676000e1	2.121628e-2	-5.428851e-5
1.680000e1	2.786408e-2	-4.581302e-5
1.684000e1	3.396144e-2	-8.165431e-4
1.688000e1	3.802390e-2	-7.543196e-4
1.692000e1	4.144878e-2	2.208792e-6
1.696000e1	4.351367e-2	1.101553e-4
1.700000e1	4.472255e-2	6.103847e-5
1.704000e1	4.583056e-2	1.429625e-5
1.708000e1	4.370130e-2	-3.215282e-4
1.712000e1	4.156278e-2	4.039847e-4
1.716000e1	3.837609e-2	-4.159713e-4
1.720000e1	3.378341e-2	-3.479868e-4
1.724000e1	2.807306e-2	-3.276348e-4
1.728000e1	2.158517e-2	-4.127387e-4
1.732000e1	1.438179e-2	-4.582129e-4
1.736000e1	6.696477e-3	-4.303383e-4
1.740000e1	-1.497886e-3	-3.670303e-4
1.744000e1	-9.476793e-3	4.199365e-4
1.748000e1	-1.779820e-2	4.517294e-4
1.752000e1	-2.600617e-2	1.276101e-3
1.756000e1	-3.346792e-2	2.064496e-3
1.760000e1	-4.018061e-2	2.230990e-3
1.764000e1	-4.667403e-2	3.855838e-3
1.768000e1	-5.240588e-2	3.921077e-3
1.772000e1	-5.677025e-2	4.051051e-3
1.776000e1	-5.987300e-2	4.120051e-3
1.780000e1	-5.989757e-2	4.820939e-3
1.784000e1	-6.032862e-2	4.832662e-3
1.788000e1	-5.904426e-2	4.832566e-3
1.792000e1	-5.857126e-2	4.440993e-3
1.796000e1	-5.479612e-2	4.412971e-3
1.800000e1	-4.990360e-2	4.207441e-3
1.804000e1	-4.452994e-2	3.477352e-3
1.808000e1	-3.808140e-2	1.807890e-3
1.812000e1	-3.133352e-2	1.765530e-3
1.816000e1	-2.389110e-2	8.821229e-4
1.820000e1	-1.596991e-2	8.419098e-4
1.824000e1	-7.999848e-3	2.766337e-6
1.828000e1	1.879742e-4	-1.054676e-4
1.832000e1	7.874818e-3	-2.733531e-4
1.836000e1	1.510702e-2	-7.775456e-4
1.840000e1	2.200884e-2	-8.271650e-4
1.844000e1	2.808075e-2	-7.931926e-4
1.848000e1	3.313846e-2	-7.953868e-4
1.852000e1	3.746857e-2	-8.297402e-4
1.856000e1	4.096924e-2	-2.138467e-5
1.860000e1	4.277792e-2	-9.565235e-6
1.864000e1	4.320068e-2	6.646104e-6
1.868000e1	4.321236e-2	4.459808e-6
1.872000e1	4.149308e-2	1.033508e-5
1.876000e1	3.839697e-2	4.137909e-4
1.880000e1	3.452620e-2	4.093614e-4
1.884000e1	2.982786e-2	-3.389277e-4
1.888000e1	2.426767e-2	-4.219166e-4
1.892000e1	1.785667e-2	-4.257130e-4
1.896000e1	1.085186e-2	-5.581046e-4
1.900000e1	3.611178e-3	-4.383599e-4
1.904000e1	-4.097142e-3	3.261224e-4
1.908000e1	-1.194412e-2	3.928430e-4
1.912000e1	-1.952166e-2	1.252797e-3
1.916000e1	-2.705037e-2	1.301902e-3
1.920000e1	-3.397818e-2	2.154243e-3
1.924000e1	-4.040761e-2	2.731506e-3
1.928000e1	-4.606854e-2	3.075417e-3
1.932000e1	-5.103855e-2	3.901418e-3
1.936000e1	-5.484232e-2	3.998171e-3
1.940000e1	-5.636351e-2	4.391351e-3
1.944000e1	-5.769041e-2	4.826493e-3
1.948000e1	-5.766980e-2	4.827365e-3
1.952000e1	-5.636920e-2	4.794039e-3
1.956000e1	-5.378389e-2	4.391547e-3
1.960000e1	-5.011559e-2	3.985149e-3
1.964000e1	-4.557197e-2	3.465086e-3
1.968000e1	-4.019993e-2	2.614166e-3
1.972000e1	-3.405044e-2	1.752316e-3
1.976000e1	-2.742590e-2	1.743751e-3
1.980000e1	-2.034870e-2	8.613577e-4
1.984000e1	-1.258262e-2	2.782317e-5
1.988000e1	-4.920465e-3	-7.296311e-5
1.992000e1	2.338154e-3	-1.750464e-4
1.996000e1	9.619787e-3	-7.503619e-4
2.000000e1	1.619284e-2	-1.158472e-4
2.004000e1	2.207524e-2	-4.423597e-5
2.008000e1	2.745673e-2	8.476204e-5
2.012000e1	3.182848e-2	7.207635e-5
2.016000e1	3.505209e-2	1.600535e-4
2.020000e1	3.762249e-2	-6.733032e-4
2.024000e1	3.886015e-2	-7.857172e-4
2.028000e1	3.910790e-2	-3.564684e-4
2.032000e1	3.851640e-2	-3.037857e-4
2.036000e1	3.720365e-2	-3.450389e-4
2.040000e1	3.445135e-2	-4.019008e-4
2.044000e1	3.085692e-2	-4.523284e-4
2.048000e1	2.608623e-2	-3.958551e-4
2.052000e1	2.058658e-2	-3.988771e-4
2.056000e1	1.444338e-2	-5.660784e-4
2.060000e1	7.643717e-3	-5.501548e-4
2.064000e1	5.831415e-4	-4.304737e-4
2.068000e1	-6.744380e-3	-3.740291e-4
2.072000e1	-1.390749e-2	4.324390e-4
2.076000e1	-2.116865e-2	1.250031e-3
2.080000e1	-2.814159e-2	2.128691e-3
2.084000e1	-3.444672e-2	1.392095e-3
2.088000e1	-4.010639e-2	2.955749e-3
2.092000e1	-4.544516e-2	3.145221e-3
2.096000e1	-4.983273e-2	3.926764e-3
2.100000e1	-5.300256e-2	4.033424e-3
2.104000e1	-5.331325e-2	3.936805e-3
2.108000e1	-5.377153e-2	3.951530e-3
2.112000e1	-5.372191e-2	3.925219e-3
2.116000e1	-5.203719e-2	3.904199e-3
2.120000e1	-4.979359e-2	3.139699e-3
2.124000e1	-4.648786e-2	3.549331e-3
2.128000e1	-4.184726e-2	2.707258e-3
2.132000e1	-3.652327e-2	1.850867e-3
2.136000e1	-3.056751e-2	1.717185e-3
2.140000e1	-2.391745e-2	8.711118e-4
2.144000e1	-1.697320e-2	8.325525e-4
2.148000e1	-9.956825e-3	2.091795e-5
2.152000e1	-2.768388e-3	-1.577580e-4
2.156000e1	4.176342e-3	-4.486222e-4
2.160000e1	1.075045e-2	-2.021853e-4
2.164000e1	1.671252e-2	-1.523027e-4
2.168000e1	2.213887e-2	-5.360027e-5
2.172000e1	2.698610e-2	-4.654776e-5
2.176000e1	3.053000e-2	8.390228e-4
2.180000e1	3.444860e-2	5.833043e-6
2.184000e1	3.621165e-2	-2.653203e-6
2.188000e1	3.795394e-2	1.229940e-5
2.192000e1	3.754754e-2	1.040105e-5
2.196000e1	3.659820e-2	-1.008361e-5
2.200000e1	3.403289e-2	-2.540270e-5
2.204000e1	3.055937e-2	-1.159625e-5
2.208000e1	2.658181e-2	-1.122417e-5
2.212000e1	2.176530e-2	-3.717881e-4
2.216000e1	1.633266e-2	-4.319273e-4
2.220000e1	1.040885e-2	-4.470557e-4
2.224000e1	4.066394e-3	-4.139811e-4
2.228000e1	-2.781334e-3	-3.676191e-4
2.232000e1	-9.449211e-3	3.860529e-4
2.236000e1	-1.646210e-2	4.120638e-4
2.240000e1	-2.297314e-2	4.354172e-4
2.244000e1	-2.934166e-2	1.194820e-3
2.248000e1	-3.493033e-2	2.152492e-3
2.252000e1	-3.931312e-2	3.038183e-3
2.256000e1	-4.324070e-2	3.048069e-3
2.260000e1	-4.599561e-2	3.063415e-3
2.264000e1	-4.933535e-2	3.537248e-3
2.268000e1	-5.021760e-2	3.550091e-3
2.272000e1	-5.024285e-2	3.553978e-3
2.276000e1	-4.941158e-2	3.536086e-3
2.280000e1	-4.802735e-2	3.116625e-3
2.284000e1	-4.505235e-2	3.048605e-3
2.288000e1	-4.155212e-2	2.632115e-3
2.292000e1	-3.736182e-2	1.840071e-3
2.296000e1	-3.219828e-2	1.710765e-3
2.300000e1	-2.644533e-2	9.025642e-4
2.304000e1	-2.001526e-2	8.546726e-4
2.308000e1	-1.341235e-2	7.572384e-4
2.312000e1	-6.782781e-3	-1.484889e-5
2.316000e1	-4.326436e-6	-2.348603e-4
2.320000e1	6.118893e-3	-8.585866e-4
2.324000e1	1.205806e-2	-8.000654e-4
2.328000e1	1.776150e-2	-8.333971e-4
2.332000e1	2.256757e-2	-8.474133e-4
2.336000e1	2.698771e-2	-8.824841e-4
2.340000e1	3.046319e-2	-8.716799e-4
2.344000e1	3.311011e-2	-4.598858e-4
2.348000e1	3.443167e-2	-4.657796e-4
2.352000e1	3.488845e-2	-4.386588e-4
2.356000e1	3.440354e-2	-4.002163e-4
2.360000e1	3.303856e-2	-8.922768e-4
2.364000e1	3.045751e-2	-8.531961e-4
2.368000e1	2.623029e-2	-4.279526e-4
2.372000e1	2.225883e-2	-4.449445e-4
2.376000e1	1.758882e-2	-4.418886e-4
2.380000e1	1.226655e-2	-4.762057e-4
2.384000e1	6.508335e-3	-4.844413e-4
2.388000e1	2.213153e-4	-4.163070e-4
2.392000e1	-6.015340e-3	3.981684e-4
2.396000e1	-1.251609e-2	4.621951e-4
2.400000e1	-1.875640e-2	1.296296e-3
2.404000e1	-2.482713e-2	1.352595e-3
2.408000e1	-3.034142e-2	2.100782e-3
2.412000e1	-3.571880e-2	2.873800e-3
2.416000e1	-4.051823e-2	2.984111e-3
2.420000e1	-4.429845e-2	3.140630e-3
2.424000e1	-4.628835e-2	3.491142e-3
2.428000e1	-4.804598e-2	3.492200e-3
2.432000e1	-4.890751e-2	3.491925e-3
2.436000e1	-4.847104e-2	3.528554e-3
2.440000e1	-4.716228e-2	3.523983e-3
2.444000e1	-4.496067e-2	3.097014e-3
2.448000e1	-4.229521e-2	2.693755e-3
2.452000e1	-3.798987e-2	2.696774e-3
2.456000e1	-3.349352e-2	1.750386e-3
2.460000e1	-2.838929e-2	1.757579e-3
2.464000e1	-2.251217e-2	1.695664e-3
2.468000e1	-1.661908e-2	8.283877e-4
2.472000e1	-1.036960e-2	4.228473e-5
2.476000e1	-3.860992e-3	-2.174046e-4
2.480000e1	2.258668e-3	-9.277423e-5
2.484000e1	7.988275e-3	-5.242215e-5
2.488000e1	1.374773e-2	-8.287008e-4
2.492000e1	1.864377e-2	-8.438617e-4
2.496000e1	2.325172e-2	-8.500036e-4
2.500000e1	2.690190e-2	-8.654814e-4
2.504000e1	3.001844e-2	-8.592975e-4
2.508000e1	3.137117e-2	-4.513405e-4
2.512000e1	3.224124e-2	-8.582094e-4
2.516000e1	3.226071e-2	-8.837440e-4
2.520000e1	3.139821e-2	-8.738600e-4
2.524000e1	3.004989e-2	-8.824723e-4
2.528000e1	2.744833e-2	-8.625276e-4
2.532000e1	2.398078e-2	-8.760537e-4
2.536000e1	1.992920e-2	-8.492846e-4
2.540000e1	1.520349e-2	-8.637317e-4
2.544000e1	9.885827e-3	-8.558785e-4
2.548000e1	4.098283e-3	-7.491654e-4
2.552000e1	-1.682596e-3	3.966312e-5
2.556000e1	-7.831445e-3	1.056298e-4
2.560000e1	-1.374676e-2	8.349740e-4
2.564000e1	-1.979457e-2	8.894087e-4
2.568000e1	-2.556134e-2	9.403751e-4
2.572000e1	-3.076063e-2	1.749699e-3
2.576000e1	-3.565579e-2	2.592093e-3
2.580000e1	-3.974167e-2	2.632311e-3
2.584000e1	-4.277886e-2	2.656181e-3
2.588000e1	-4.497885e-2	3.488310e-3
2.592000e1	-4.629946e-2	3.509943e-3
2.596000e1	-4.672440e-2	3.492426e-3
2.600000e1	-4.632122e-2	3.469206e-3
2.604000e1	-4.496699e-2	3.483545e-3
2.608000e1	-4.277703e-2	3.475404e-3
2.612000e1	-3.963335e-2	2.634691e-3
2.616000e1	-3.576501e-2	1.784929e-3
2.620000e1	-3.102393e-2	1.336577e-3
2.624000e1	-2.594324e-2	1.321750e-3
2.628000e1	-2.036996e-2	4.759489e-4
2.632000e1	-1.452749e-2	4.615074e-4
2.636000e1	-8.588060e-3	3.770248e-4
2.640000e1	-2.574394e-3	-3.978622e-4
2.644000e1	3.350157e-3	-3.952884e-4
2.648000e1	8.889768e-3	-5.060060e-4
2.652000e1	1.412883e-2	-1.129702e-3
2.656000e1	1.889440e-2	-1.199544e-3
2.660000e1	2.298916e-2	-1.237232e-3
2.664000e1	2.610665e-2	-8.783708e-4
2.668000e1	2.832242e-2	-8.641575e-4
2.672000e1	3.008328e-2	-9.090374e-4
2.676000e1	3.090491e-2	-8.622057e-4
2.680000e1	3.090940e-2	-4.609844e-4
2.684000e1	3.002997e-2	-4.852520e-4
2.688000e1	2.781997e-2	-1.242811e-3
2.692000e1	2.481055e-2	-1.260150e-3
2.696000e1	2.128229e-2	-1.257138e-3
2.700000e1	1.687833e-2	-1.217609e-3
2.704000e1	1.211541e-2	-1.165017e-3
2.708000e1	6.900066e-3	-5.068011e-4
2.712000e1	1.275329e-3	-4.847032e-4
2.716000e1	-4.583403e-3	-3.965732e-4
2.720000e1	-1.042803e-2	3.699205e-4
2.724000e1	-1.632378e-2	3.840820e-4
2.728000e1	-2.184966e-2	1.276082e-3
2.732000e1	-2.718292e-2	1.329147e-3
2.736000e1	-3.185426e-2	1.349258e-3
2.740000e1	-3.588226e-2	2.149380e-3
2.744000e1	-3.970434e-2	2.635716e-3
2.748000e1	-4.240019e-2	2.634016e-3
2.752000e1	-4.409873e-2	3.060610e-3
2.756000e1	-4.497869e-2	3.060651e-3
2.760000e1	-4.502411e-2	3.026945e-3
2.764000e1	-4.455066e-2	3.072307e-3
2.768000e1	-4.320050e-2	3.073227e-3
2.772000e1	-4.057556e-2	2.624697e-3
2.776000e1	-3.742513e-2	2.210400e-3
2.780000e1	-3.346114e-2	1.777248e-3
2.784000e1	-2.889194e-2	1.309472e-3
2.788000e1	-2.385278e-2	9.072995e-4
2.792000e1	-1.838240e-2	8.928803e-4
2.796000e1	-1.269813e-2	7.983303e-4
2.800000e1	-6.851012e-3	2.585161e-5
2.804000e1	-1.092337e-3	-1.010519e-4
2.808000e1	4.486776e-3	-7.874559e-4
2.812000e1	9.855404e-3	-8.579245e-4
2.816000e1	1.470679e-2	-8.677305e-4
2.820000e1	1.905706e-2	-8.846832e-4
2.824000e1	2.261917e-2	-8.868452e-4
2.828000e1	2.566397e-2	-8.884640e-4
2.832000e1	2.782871e-2	-8.624847e-4
2.836000e1	2.915415e-2	-8.654771e-4
2.840000e1	2.962542e-2	-8.807147e-4
2.844000e1	2.916955e-2	-8.851351e-4
2.848000e1	2.789468e-2	-8.553499e-4
2.852000e1	2.608318e-2	-9.070233e-4
2.856000e1	2.305874e-2	-9.097118e-4
2.860000e1	1.950506e-2	-8.765117e-4
2.864000e1	1.515634e-2	-8.958077e-4
2.868000e1	1.068560e-2	-8.828596e-4
2.872000e1	5.509061e-3	-8.516501e-4
2.876000e1	-9.620391e-5	-4.416947e-4
2.880000e1	-5.828019e-3	-3.402501e-4
2.884000e1	-1.143354e-2	2.733490e-4
2.888000e1	-1.696150e-2	1.198264e-3
2.892000e1	-2.234978e-2	1.274907e-3
2.896000e1	-2.747326e-2	2.110204e-3
2.900000e1	-3.203283e-2	2.156601e-3
2.904000e1	-3.616935e-2	2.225399e-3
2.908000e1	-3.968353e-2	2.283082e-3
2.912000e1	-4.191177e-2	3.485443e-3
2.916000e1	-4.358780e-2	3.512405e-3
2.920000e1	-4.414880e-2	3.486705e-3
2.924000e1	-4.413937e-2	3.506351e-3
2.928000e1	-4.321115e-2	3.493929e-3
2.932000e1	-4.141165e-2	3.398133e-3
2.936000e1	-3.838654e-2	2.657253e-3
2.940000e1	-3.495109e-2	2.597423e-3
2.944000e1	-3.085071e-2	1.777013e-3
2.948000e1	-2.624920e-2	1.720277e-3
2.952000e1	-2.106324e-2	8.829826e-4
2.956000e1	-1.569850e-2	8.763517e-4
2.960000e1	-9.947744e-3	7.335734e-4
2.964000e1	-4.456263e-3	-1.995061e-5
2.968000e1	1.078855e-3	-6.562484e-5
2.972000e1	6.311555e-3	-3.099851e-5
2.976000e1	1.118158e-2	-4.037509e-5
2.980000e1	1.520045e-2	-7.053469e-5
2.984000e1	1.911086e-2	-5.258067e-5
2.988000e1	2.259969e-2	-1.809531e-5
2.992000e1	2.564005e-2	-4.440177e-4
2.996000e1	2.700757e-2	-4.312422e-4
3.000000e1	2.787710e-2	-4.338632e-4
3.004000e1	2.870258e-2	-8.829398e-4
3.008000e1	2.784105e-2	-8.672508e-4
3.012000e1	2.611806e-2	-8.757530e-4
3.016000e1	2.388990e-2	-8.504079e-4
3.020000e1	2.079404e-2	-8.747558e-4
3.024000e1	1.682681e-2	-8.247590e-4
3.028000e1	1.254614e-2	-8.738221e-4
3.032000e1	7.729913e-3	-8.355410e-4
3.036000e1	2.419714e-3	-4.431462e-4
3.040000e1	-2.778251e-3	-4.264536e-6
3.044000e1	-8.379012e-3	2.192962e-5
3.048000e1	-1.394119e-2	1.528247e-4
3.052000e1	-1.933702e-2	2.416845e-4
3.056000e1	-2.445228e-2	1.285647e-3
3.060000e1	-2.898100e-2	1.337867e-3
3.064000e1	-3.314861e-2	2.154029e-3
3.068000e1	-3.699669e-2	2.256235e-3
3.072000e1	-3.971831e-2	2.232247e-3
3.076000e1	-4.147022e-2	2.243060e-3
3.080000e1	-4.276296e-2	2.264294e-3
3.084000e1	-4.320443e-2	2.298302e-3
3.088000e1	-4.238806e-2	2.263239e-3
3.092000e1	-4.105828e-2	2.267014e-3
3.096000e1	-3.926358e-2	2.211560e-3
3.100000e1	-3.655006e-2	2.163767e-3
3.104000e1	-3.273407e-2	2.166802e-3
3.108000e1	-2.857554e-2	1.350965e-3
3.112000e1	-2.410457e-2	1.342544e-3
3.116000e1	-1.896965e-2	5.001482e-4
3.120000e1	-1.366891e-2	4.467533e-4
3.124000e1	-8.333408e-3	4.670969e-4
3.128000e1	-2.817562e-3	-2.434394e-4
3.132000e1	2.494576e-3	-3.801820e-4
3.136000e1	7.367033e-3	-5.059828e-4
3.140000e1	1.210257e-2	-4.911650e-4
3.144000e1	1.602051e-2	-4.525114e-4
3.148000e1	1.995685e-2	-4.439786e-4
3.152000e1	2.346109e-2	-4.679013e-4
3.156000e1	2.567954e-2	-1.269086e-3
3.160000e1	2.699742e-2	-1.311638e-3
3.164000e1	2.743754e-2	-1.313487e-3
3.168000e1	2.739125e-2	-1.271562e-3
3.172000e1	2.614665e-2	-1.254243e-3
3.176000e1	2.436226e-2	-9.032765e-4
3.180000e1	2.214235e-2	-8.770493e-4
3.184000e1	1.867371e-2	-8.386186e-4
3.188000e1	1.506020e-2	-8.361447e-4
3.192000e1	1.067140e-2	-8.159844e-4
3.196000e1	5.525628e-3	-8.100755e-4
3.200000e1	6.525278e-4	-3.039649e-5
3.204000e1	-4.654889e-3	4.237933e-5
3.208000e1	-1.007795e-2	4.492097e-5
3.212000e1	-1.525273e-2	9.165107e-4
3.216000e1	-2.034079e-2	9.355816e-4
3.220000e1	-2.504951e-2	9.484656e-4
3.224000e1	-2.951613e-2	1.740608e-3
3.228000e1	-3.317643e-2	1.768175e-3
3.232000e1	-3.626341e-2	2.561608e-3
3.236000e1	-3.881661e-2	2.602813e-3
3.240000e1	-4.103700e-2	2.616371e-3
3.244000e1	-4.192323e-2	2.630088e-3
3.248000e1	-4.192042e-2	2.618962e-3
3.252000e1	-4.111012e-2	2.607711e-3
3.256000e1	-3.968658e-2	2.611456e-3
3.260000e1	-3.715443e-2	2.180306e-3
3.264000e1	-3.438308e-2	2.174024e-3
3.268000e1	-3.082046e-2	1.343314e-3
3.272000e1	-2.665286e-2	1.281002e-3
3.276000e1	-2.208295e-2	1.306252e-3
3.280000e1	-1.705781e-2	5.490113e-4
3.284000e1	-1.180248e-2	5.295086e-4
3.288000e1	-6.387142e-3	4.472792e-4
3.292000e1	-1.109518e-3	3.308739e-4
3.296000e1	3.973267e-3	-3.895299e-4
3.300000e1	8.878191e-3	-4.163469e-4
3.304000e1	1.336218e-2	-4.505421e-4
3.308000e1	1.733854e-2	-4.530780e-4
3.312000e1	2.040399e-2	-4.329835e-4
3.316000e1	2.303768e-2	-4.471174e-4
3.320000e1	2.437416e-2	-4.117255e-4
3.324000e1	2.567946e-2	-4.488781e-4
3.328000e1	2.652947e-2	-4.740786e-4
3.332000e1	2.609315e-2	-4.341598e-4
3.336000e1	2.478526e-2	-3.800377e-4
3.340000e1	2.260655e-2	-4.406399e-4
3.344000e1	1.993200e-2	-4.406041e-4
3.348000e1	1.648493e-2	-4.334761e-4
3.352000e1	1.286967e-2	-3.795099e-4
3.356000e1	8.497285e-3	-3.767254e-4
3.360000e1	3.727969e-3	-3.957308e-4
3.364000e1	-1.492665e-3	-4.079303e-4
3.368000e1	-6.582171e-3	-3.936426e-4
3.372000e1	-1.171285e-2	3.974358e-4
3.376000e1	-1.689224e-2	4.404608e-4
3.380000e1	-2.187956e-2	4.912241e-4
3.384000e1	-2.636070e-2	5.031122e-4
3.388000e1	-3.044692e-2	1.397477e-3
3.392000e1	-3.422156e-2	2.237283e-3
3.396000e1	-3.708133e-2	2.249543e-3
3.400000e1	-3.926922e-2	2.287072e-3
3.404000e1	-4.057899e-2	2.220677e-3
3.408000e1	-4.104859e-2	2.639013e-3
3.412000e1	-4.103426e-2	3.058962e-3
3.416000e1	-3.972887e-2	2.632681e-3
3.420000e1	-3.797781e-2	2.215626e-3
3.424000e1	-3.574170e-2	2.222636e-3
3.428000e1	-3.241045e-2	1.746813e-3
3.432000e1	-2.872654e-2	1.707278e-3
3.436000e1	-2.454051e-2	8.970799e-4
3.440000e1	-1.971851e-2	8.812164e-4
3.444000e1	-1.469840e-2	7.833358e-4
3.448000e1	-9.605888e-3	-3.015033e-5
3.452000e1	-4.415041e-3	-9.295030e-5
3.456000e1	6.138881e-4	-1.759782e-5
3.460000e1	5.445955e-3	-3.704852e-5
3.464000e1	9.973789e-3	-3.086696e-5
3.468000e1	1.422661e-2	-7.947208e-6
3.472000e1	1.773660e-2	-1.000777e-5
3.476000e1	2.041105e-2	-2.149935e-5
3.480000e1	2.300747e-2	-2.381420e-5
3.484000e1	2.477695e-2	-2.227086e-5
3.488000e1	2.567844e-2	-3.662463e-5
3.492000e1	2.567528e-2	-3.058685e-5
3.496000e1	2.521483e-2	-6.276949e-5
3.500000e1	2.346857e-2	3.667237e-4
3.504000e1	2.128235e-2	3.900190e-4
3.508000e1	1.853324e-2	2.699789e-4
3.512000e1	1.553748e-2	-4.366265e-4
3.516000e1	1.156245e-2	-4.240295e-4
3.520000e1	7.140754e-3	-3.778070e-4
3.524000e1	2.282216e-3	-3.999647e-4
3.528000e1	-2.480032e-3	1.725722e-5
3.532000e1	-7.639845e-3	3.652812e-4
3.536000e1	-1.268470e-2	2.938830e-4
3.540000e1	-1.764240e-2	4.394022e-4
3.544000e1	-2.226980e-2	8.738421e-4
3.548000e1	-2.667734e-2	1.308378e-3
3.552000e1	-3.052672e-2	2.187390e-3
3.556000e1	-3.363765e-2	2.167916e-3
3.560000e1	-3.624070e-2	2.193214e-3
3.564000e1	-3.800397e-2	2.206592e-3
3.568000e1	-3.966051e-2	2.629877e-3
3.572000e1	-3.981745e-2	2.247404e-3
3.576000e1	-3.965968e-2	2.240127e-3
3.580000e1	-3.879964e-2	2.195544e-3
3.584000e1	-3.702709e-2	2.177156e-3
3.588000e1	-3.445221e-2	2.157452e-3
3.592000e1	-3.132955e-2	2.143231e-3
3.596000e1	-2.784397e-2	1.761751e-3
3.600000e1	-2.359626e-2	1.726526e-3
3.604000e1	-1.900746e-2	8.620868e-4
3.608000e1	-1.410431e-2	7.653243e-4
3.612000e1	-9.262582e-3	-1.022006e-5
3.616000e1	-4.364096e-3	-9.787768e-5
3.620000e1	5.690088e-4	-3.852645e-5
3.624000e1	5.202623e-3	-1.259714e-4
3.628000e1	9.450690e-3	-6.928993e-5
3.632000e1	1.311116e-2	-1.065215e-4
3.636000e1	1.656292e-2	-1.018498e-4
3.640000e1	1.911093e-2	-7.574990e-6
3.644000e1	2.170825e-2	-1.150910e-5
3.648000e1	2.347364e-2	-2.289119e-5
3.652000e1	2.435079e-2	-2.026479e-5
3.656000e1	2.435366e-2	-1.243036e-5
3.660000e1	2.348327e-2	-1.478847e-5
3.664000e1	2.214727e-2	3.188201e-6
3.668000e1	1.997308e-2	-2.960770e-5
3.672000e1	1.729130e-2	-3.481928e-5
3.676000e1	1.384649e-2	-1.329118e-5
3.680000e1	1.025208e-2	-1.313332e-5
3.684000e1	5.851997e-3	-1.282197e-6
3.688000e1	1.157614e-3	4.763845e-7
3.692000e1	-3.577201e-3	2.487730e-5
3.696000e1	-8.525761e-3	3.015084e-5
3.700000e1	-1.345362e-2	1.451784e-4
3.704000e1	-1.798528e-2	8.408147e-4
3.708000e1	-2.259697e-2	9.069940e-4
3.712000e1	-2.674967e-2	1.728196e-3
3.716000e1	-3.037676e-2	1.743221e-3
3.720000e1	-3.357394e-2	2.610299e-3
3.724000e1	-3.619962e-2	2.652629e-3
3.728000e1	-3.794177e-2	2.672125e-3
3.732000e1	-3.886474e-2	2.675665e-3
3.736000e1	-3.890265e-2	2.650293e-3
3.740000e1	-3.882506e-2	2.668659e-3
3.744000e1	-3.710103e-2	2.608626e-3
3.748000e1	-3.529073e-2	1.768553e-3
3.752000e1	-3.273256e-2	1.767636e-3
3.756000e1	-2.968190e-2	1.758129e-3
3.760000e1	-2.608375e-2	1.728254e-3
3.764000e1	-2.153670e-2	8.450243e-4
3.768000e1	-1.729296e-2	8.800607e-4
3.772000e1	-1.253219e-2	4.104329e-5
3.776000e1	-7.590478e-3	-2.342957e-5
3.780000e1	-2.646768e-3	-1.504522e-4
3.784000e1	2.224441e-3	-4.156975e-5
3.788000e1	6.691954e-3	-2.800074e-5
3.792000e1	1.073593e-2	-3.115375e-5
3.796000e1	1.458162e-2	-3.157679e-5
3.800000e1	1.776633e-2	-4.075900e-5
3.804000e1	2.042164e-2	-6.690823e-5
3.808000e1	2.255229e-2	-2.539335e-5
3.812000e1	2.349202e-2	-2.294511e-5
3.816000e1	2.428144e-2	-1.217715e-5
3.820000e1	2.349000e-2	3.763514e-4
3.824000e1	2.218553e-2	3.803664e-4
3.828000e1	2.041593e-2	3.650753e-4
3.832000e1	1.778176e-2	9.730474e-6
3.836000e1	1.473962e-2	-2.603683e-6
3.840000e1	1.126249e-2	2.364146e-6
3.844000e1	7.595334e-3	-2.407429e-5
3.848000e1	3.140502e-3	-4.216204e-4
3.852000e1	-1.454071e-3	1.451803e-6
3.856000e1	-6.247042e-3	5.189332e-5
3.860000e1	-1.117005e-2	1.152518e-4
3.864000e1	-1.607141e-2	2.012330e-4
3.868000e1	-2.043560e-2	8.638902e-4
3.872000e1	-2.465944e-2	1.312411e-3
3.876000e1	-2.837481e-2	1.744911e-3
3.880000e1	-3.152477e-2	2.549380e-3
3.884000e1	-3.403463e-2	2.621909e-3
3.888000e1	-3.618262e-2	2.632965e-3
3.892000e1	-3.754802e-2	2.663346e-3
3.896000e1	-3.799903e-2	2.625855e-3
3.900000e1	-3.795501e-2	2.626899e-3
3.904000e1	-3.710431e-2	2.589858e-3
3.908000e1	-3.534443e-2	2.196639e-3
3.912000e1	-3.353761e-2	1.792419e-3
3.916000e1	-3.055294e-2	1.726716e-3
3.920000e1	-2.733205e-2	1.725415e-3
3.924000e1	-2.373476e-2	9.248011e-4
3.928000e1	-1.928502e-2	8.447662e-4
3.932000e1	-1.466158e-2	7.694265e-4
3.936000e1	-9.866812e-3	6.971016e-4
3.940000e1	-5.320384e-3	-7.974340e-5
3.944000e1	-6.689928e-4	-1.010722e-4
3.948000e1	3.817376e-3	-1.199495e-4
3.952000e1	8.095712e-3	-6.861717e-5
3.956000e1	1.200659e-2	-8.485493e-5
3.960000e1	1.515716e-2	-5.073470e-5
3.964000e1	1.819915e-2	-6.077723e-5
3.968000e1	2.039329e-2	-5.653371e-5
3.972000e1	2.175413e-2	-1.995133e-5
3.976000e1	2.259961e-2	-3.729943e-5
3.980000e1	2.303851e-2	-4.589034e-6
3.984000e1	2.259751e-2	-1.022861e-5
3.988000e1	2.129603e-2	-7.793524e-6
3.992000e1	1.951481e-2	-1.935195e-5
3.996000e1	1.690333e-2	-2.539566e-5
4.000000e1	1.380644e-2	-4.269527e-4
4.004000e1	1.028242e-2	-4.066316e-4
4.008000e1	6.318681e-3	-3.690883e-4
4.012000e1	1.940771e-3	-3.417037e-4
4.016000e1	-2.487142e-3	3.643788e-4
4.020000e1	-7.192352e-3	3.015487e-4
4.024000e1	-1.195635e-2	3.693400e-4
4.028000e1	-1.671748e-2	4.919772e-4
4.032000e1	-2.078229e-2	1.282973e-3
4.036000e1	-2.495974e-2	1.346451e-3
4.040000e1	-2.867140e-2	1.361419e-3
4.044000e1	-3.142639e-2	1.379253e-3
4.048000e1	-3.400166e-2	2.149763e-3
4.052000e1	-3.574507e-2	2.171000e-3
4.056000e1	-3.669175e-2	2.188482e-3
4.060000e1	-3.713558e-2	2.182233e-3
4.064000e1	-3.709887e-2	2.213419e-3
4.068000e1	-3.622151e-2	2.183617e-3
4.072000e1	-3.489411e-2	2.220168e-3
4.076000e1	-3.265021e-2	2.179726e-3
4.080000e1	-3.001196e-2	1.756161e-3
4.084000e1	-2.624776e-2	1.316608e-3
4.088000e1	-2.264609e-2	1.301684e-3
4.092000e1	-1.831825e-2	1.300776e-3
4.096000e1	-1.389352e-2	5.184847e-4
4.100000e1	-9.271437e-3	4.047793e-4
4.104000e1	-4.729925e-3	-9.646280e-6
4.108000e1	-1.752906e-4	-4.009556e-4
4.112000e1	4.173008e-3	-3.766035e-4
4.116000e1	8.481710e-3	-4.669031e-4
4.120000e1	1.205986e-2	-8.765278e-4
4.124000e1	1.553098e-2	-8.892993e-4
4.128000e1	1.819339e-2	-8.827438e-4
4.132000e1	2.037352e-2	-8.907159e-4
4.136000e1	2.169103e-2	-8.889590e-4
4.140000e1	2.261626e-2	-8.663131e-4
4.144000e1	2.264474e-2	-8.316961e-4
4.148000e1	2.215285e-2	-8.626473e-4
4.152000e1	2.087085e-2	-8.901444e-4
4.156000e1	1.906369e-2	-8.802877e-4
4.160000e1	1.643594e-2	-8.593077e-4
4.164000e1	1.322989e-2	-8.366311e-4
4.168000e1	9.456416e-3	-8.333348e-4
4.172000e1	5.468576e-3	-7.919119e-4
4.176000e1	1.113749e-3	-7.724431e-4
4.180000e1	-3.264607e-3	-4.486757e-5
4.184000e1	-7.930520e-3	-1.932406e-5
4.188000e1	-1.269342e-2	1.729018e-4
4.192000e1	-1.680497e-2	8.801420e-4
4.196000e1	-2.080271e-2	8.424495e-4
4.200000e1	-2.493647e-2	8.923790e-4
4.204000e1	-2.844560e-2	1.335527e-3
4.208000e1	-3.108591e-2	2.181448e-3
4.212000e1	-3.326101e-2	2.214191e-3
4.216000e1	-3.533519e-2	2.628128e-3
4.220000e1	-3.620056e-2	2.631844e-3
4.224000e1	-3.663395e-2	2.648652e-3
4.228000e1	-3.621205e-2	2.645347e-3
4.232000e1	-3.532158e-2	2.629140e-3
4.236000e1	-3.398934e-2	2.595658e-3
4.240000e1	-3.179017e-2	2.588663e-3
4.244000e1	-2.872062e-2	1.764998e-3
4.248000e1	-2.531003e-2	1.720636e-3
4.252000e1	-2.149670e-2	8.795305e-4
4.256000e1	-1.733467e-2	8.465641e-4
4.260000e1	-1.275062e-2	6.855162e-4
4.264000e1	-8.641905e-3	1.466932e-5
4.268000e1	-4.100854e-3	-3.092798e-5
4.272000e1	2.197092e-4	-2.811300e-5
4.276000e1	4.619845e-3	-1.318636e-5
4.280000e1	8.546833e-3	-4.132566e-5
4.284000e1	1.207183e-2	-1.851817e-5
4.288000e1	1.509163e-2	-8.053542e-4
4.292000e1	1.774202e-2	-8.143653e-4
4.296000e1	1.951776e-2	-8.092786e-4
4.300000e1	2.082227e-2	-8.185424e-4
4.304000e1	2.127193e-2	-8.214766e-4
4.308000e1	2.170682e-2	-8.559488e-4
4.312000e1	2.083658e-2	-8.587139e-4
4.316000e1	1.910169e-2	-8.680191e-4
4.320000e1	1.691753e-2	-8.656160e-4
4.324000e1	1.467514e-2	-8.457361e-4
4.328000e1	1.119062e-2	-4.483581e-4
4.332000e1	7.658726e-3	-4.011598e-4
4.336000e1	3.741367e-3	-3.629656e-4
4.340000e1	-5.633321e-4	-3.800448e-4
4.344000e1	-5.022142e-3	-3.625666e-4
4.348000e1	-9.385392e-3	3.738699e-4
4.352000e1	-1.369442e-2	3.445589e-4
4.356000e1	-1.784702e-2	3.780033e-4
4.360000e1	-2.180732e-2	4.742816e-4
4.364000e1	-2.567019e-2	5.019985e-4
4.368000e1	-2.906814e-2	2.167595e-3
4.372000e1	-3.177560e-2	2.189783e-3
4.376000e1	-3.358811e-2	2.179282e-3
4.380000e1	-3.528770e-2	2.195613e-3
4.384000e1	-3.617091e-2	2.196746e-3
4.388000e1	-3.618825e-2	2.197807e-3
4.392000e1	-3.609170e-2	2.205114e-3
4.396000e1	-3.445152e-2	1.397733e-3
4.400000e1	-3.264778e-2	1.372729e-3
4.404000e1	-3.008001e-2	1.325177e-3
4.408000e1	-2.715702e-2	1.306332e-3
4.412000e1	-2.375441e-2	8.578535e-4
4.416000e1	-1.995450e-2	8.341418e-4
4.420000e1	-1.577983e-2	7.623667e-4
4.424000e1	-1.169538e-2	3.235569e-5
4.428000e1	-7.223563e-3	6.785077e-6
4.432000e1	-2.732227e-3	-7.687113e-5
4.436000e1	1.517576e-3	-2.688969e-5
4.440000e1	5.502753e-3	-2.958625e-5
4.444000e1	9.421406e-3	-3.466490e-5
4.448000e1	1.254446e-2	-3.072880e-5
4.452000e1	1.558115e-2	-2.474444e-5
4.456000e1	1.777995e-2	-2.436896e-5
4.460000e1	1.910276e-2	-8.402313e-6
4.464000e1	1.998441e-2	2.842016e-6
4.468000e1	2.040854e-2	1.017339e-5
4.472000e1	1.999624e-2	1.092220e-5
4.476000e1	1.912632e-2	-2.742546e-5
4.480000e1	1.822886e-2	-4.271356e-4
4.484000e1	1.644026e-2	-4.348137e-4
4.488000e1	1.383310e-2	-4.352512e-4
4.492000e1	1.034189e-2	-4.139627e-4
4.496000e1	6.778175e-3	-3.846198e-4
4.500000e1	2.861499e-3	-3.411967e-4
4.504000e1	-1.506375e-3	2.579305e-5
4.508000e1	-5.797672e-3	5.676722e-5
4.512000e1	-9.934159e-3	4.206449e-4
4.516000e1	-1.439695e-2	5.069055e-4
4.520000e1	-1.830074e-2	1.285909e-3
4.524000e1	-2.222040e-2	1.323252e-3
4.528000e1	-2.574936e-2	1.750926e-3
4.532000e1	-2.909890e-2	2.165927e-3
4.536000e1	-3.138172e-2	2.175427e-3
4.540000e1	-3.356349e-2	2.192182e-3
4.544000e1	-3.488748e-2	2.199385e-3
4.548000e1	-3.533360e-2	2.208659e-3
4.552000e1	-3.533233e-2	2.193777e-3
4.556000e1	-3.487836e-2	2.202217e-3
4.560000e1	-3.355313e-2	2.197331e-3
4.564000e1	-3.177265e-2	2.154263e-3
4.568000e1	-2.903417e-2	1.349030e-3
4.572000e1	-2.584555e-2	1.325287e-3
4.576000e1	-2.221575e-2	1.286506e-3
4.580000e1	-1.859657e-2	8.114779e-4
4.584000e1	-1.441927e-2	4.800129e-4
4.588000e1	-1.020627e-2	4.031306e-4
4.592000e1	-5.928504e-3	3.677085e-4
4.596000e1	-1.875832e-3	-3.824777e-4
4.600000e1	2.387840e-3	-4.376842e-4
4.604000e1	6.037639e-3	-4.419651e-4
4.608000e1	9.494474e-3	-4.458190e-4
4.612000e1	1.252741e-2	-4.499188e-4
4.616000e1	1.514989e-2	-4.474175e-4
4.620000e1	1.732531e-2	-4.592027e-4
4.624000e1	1.906788e-2	-4.521391e-4
4.628000e1	1.995360e-2	-4.505734e-4
4.632000e1	1.996619e-2	-4.433229e-4
4.636000e1	1.994520e-2	-4.417291e-4
4.640000e1	1.865493e-2	-4.331562e-4
4.644000e1	1.689460e-2	-4.446445e-4
4.648000e1	1.470702e-2	-4.391764e-4
4.652000e1	1.205674e-2	-4.370142e-4
4.656000e1	8.995249e-3	-4.341953e-4
4.660000e1	5.088600e-3	-4.089702e-4
4.664000e1	1.190275e-3	-4.197799e-4
4.668000e1	-2.688928e-3	-3.442583e-6
4.672000e1	-6.811443e-3	5.844234e-5
4.676000e1	-1.101014e-2	2.906627e-4
4.680000e1	-1.530257e-2	4.565317e-4
4.684000e1	-1.906492e-2	1.264199e-3
4.688000e1	-2.277399e-2	1.268057e-3
4.692000e1	-2.606378e-2	1.343286e-3
4.696000e1	-2.915148e-2	1.342058e-3
4.700000e1	-3.138653e-2	1.359054e-3
4.704000e1	-3.307334e-2	1.385919e-3
4.708000e1	-3.400227e-2	1.390888e-3
4.712000e1	-3.448279e-2	1.397610e-3
4.716000e1	-3.436528e-2	1.379567e-3
4.720000e1	-3.316253e-2	1.736703e-3
4.724000e1	-3.175466e-2	1.724790e-3
4.728000e1	-2.965003e-2	1.748112e-3
4.732000e1	-2.695989e-2	9.390586e-4
4.736000e1	-2.403148e-2	8.792624e-4
4.740000e1	-2.024947e-2	9.282889e-4
4.744000e1	-1.639177e-2	4.438882e-4
4.748000e1	-1.231650e-2	3.971738e-4
4.752000e1	-8.106231e-3	4.077719e-4
4.756000e1	-4.117271e-3	-3.981559e-4
4.760000e1	1.889186e-4	-4.292146e-4
4.764000e1	3.811943e-3	-4.237604e-4
4.768000e1	7.663083e-3	-4.266369e-4
4.772000e1	1.077593e-2	-4.293947e-4
4.776000e1	1.381793e-2	-4.461376e-4
4.780000e1	1.601682e-2	-4.444212e-4
4.784000e1	1.775829e-2	-4.440893e-4
4.788000e1	1.909081e-2	-4.553162e-4
4.792000e1	1.951867e-2	-4.550669e-4
4.796000e1	1.951222e-2	-4.435801e-4
4.800000e1	1.823626e-2	-4.179021e-4
4.804000e1	1.688967e-2	-4.280423e-4
4.808000e1	1.512685e-2	-4.283486e-4
4.812000e1	1.251645e-2	-4.143772e-4
4.816000e1	9.469596e-3	-4.123937e-4
4.820000e1	6.355010e-3	-4.292621e-4
4.824000e1	2.537755e-3	-4.298177e-4
4.828000e1	-1.268676e-3	-3.573620e-4
4.832000e1	-5.362749e-3	-3.407883e-4
4.836000e1	-9.460944e-3	-3.295511e-4
4.840000e1	-1.350129e-2	4.592127e-4
4.844000e1	-1.748621e-2	4.953733e-4
4.848000e1	-2.115968e-2	4.844968e-4
4.852000e1	-2.436294e-2	1.246720e-3
4.856000e1	-2.740266e-2	1.319764e-3
4.860000e1	-3.002027e-2	1.347786e-3
4.864000e1	-3.182349e-2	1.390438e-3
4.868000e1	-3.310276e-2	1.440632e-3
4.872000e1	-3.362481e-2	2.149239e-3
4.876000e1	-3.365919e-2	1.840504e-3
4.880000e1	-3.316832e-2	1.799573e-3
4.884000e1	-3.182266e-2	1.723420e-3
4.888000e1	-3.012276e-2	1.324087e-3
4.892000e1	-2.785246e-2	1.334684e-3
4.896000e1	-2.488759e-2	1.276917e-3
4.900000e1	-2.169663e-2	8.525515e-4
4.904000e1	-1.813326e-2	8.274297e-4
4.908000e1	-1.400857e-2	6.670553e-4
4.912000e1	-9.890253e-3	7.406753e-4
4.916000e1	-5.698139e-3	8.086825e-4
4.920000e1	-1.974580e-3	1.013381e-4
4.924000e1	2.314264e-3	-1.441423e-5
4.928000e1	5.889864e-3	-2.190630e-5
4.932000e1	9.383327e-3	-1.160080e-5
4.936000e1	1.207445e-2	-8.328657e-6
4.940000e1	1.470999e-2	-9.804676e-6
4.944000e1	1.648905e-2	-2.797563e-5
4.948000e1	1.822422e-2	-2.608035e-5
4.952000e1	1.908099e-2	-4.354210e-5
4.956000e1	1.909487e-2	-3.975468e-5
4.960000e1	1.906010e-2	-4.176791e-4
4.964000e1	1.820396e-2	-4.238981e-4
4.968000e1	1.646937e-2	-3.856858e-4
4.972000e1	1.468113e-2	-3.849537e-4
4.976000e1	1.204263e-2	-3.925260e-4
4.980000e1	8.584601e-3	-3.961057e-4
4.984000e1	5.456922e-3	-4.012257e-4
4.988000e1	1.940756e-3	-3.390117e-4
4.992000e1	-1.984354e-3	-3.493554e-4
4.996000e1	-5.926227e-3	4.063195e-4
5.000000e1	-1.001610e-2	4.051101e-4
5.004000e1	-1.403221e-2	4.089848e-4
5.008000e1	-1.794916e-2	4.851878e-4
5.012000e1	-2.156714e-2	5.077397e-4
5.016000e1	-2.477916e-2	1.305991e-3
5.020000e1	-2.747871e-2	1.321502e-3
5.024000e1	-3.000278e-2	1.337146e-3
5.028000e1	-3.175472e-2	1.350311e-3
5.032000e1	-3.270025e-2	1.359648e-3
5.036000e1	-3.316969e-2	1.393015e-3
5.040000e1	-3.314830e-2	1.750319e-3
5.044000e1	-3.234342e-2	1.761630e-3
5.048000e1	-3.137764e-2	1.712276e-3
5.052000e1	-2.959919e-2	1.700130e-3
5.056000e1	-2.698106e-2	1.734578e-3
5.060000e1	-2.434709e-2	8.882462e-4
5.064000e1	-2.111238e-2	7.603764e-4
5.068000e1	-1.767044e-2	5.883232e-5
5.072000e1	-1.386603e-2	-3.426041e-7
5.076000e1	-9.861927e-3	2.742546e-5
5.080000e1	-5.541261e-3	-3.850007e-5
5.084000e1	-1.587889e-3	-3.348793e-5
5.088000e1	2.330988e-3	-4.238549e-5
5.092000e1	5.913647e-3	-3.617571e-5
5.096000e1	9.385049e-3	-3.713472e-5
5.100000e1	1.206533e-2	-1.101699e-5
5.104000e1	1.467536e-2	-3.851294e-5
5.108000e1	1.646742e-2	-2.533529e-5
5.112000e1	1.778744e-2	-2.500897e-5
5.116000e1	1.863782e-2	-2.882827e-5
5.120000e1	1.866381e-2	-3.778660e-5
5.124000e1	1.821052e-2	-2.576079e-5
5.128000e1	1.690051e-2	-2.234039e-5
5.132000e1	1.513610e-2	-1.265517e-5
5.136000e1	1.292799e-2	-3.218679e-5
5.140000e1	1.029921e-2	-2.914216e-5
5.144000e1	7.238293e-3	-2.317621e-5
5.148000e1	3.755731e-3	-2.396165e-5
5.152000e1	2.196702e-4	4.295674e-5
5.156000e1	-3.683839e-3	6.613885e-5
5.160000e1	-7.661328e-3	4.265697e-4
5.164000e1	-1.161810e-2	4.373400e-4
5.168000e1	-1.549979e-2	4.647054e-4
5.172000e1	-1.910369e-2	4.913943e-4
5.176000e1	-2.230330e-2	1.746259e-3
5.180000e1	-2.547780e-2	1.770606e-3
5.184000e1	-2.826995e-2	1.773538e-3
5.188000e1	-3.046454e-2	1.776227e-3
5.192000e1	-3.187194e-2	1.771097e-3
5.196000e1	-3.276650e-2	1.758668e-3
5.200000e1	-3.338778e-2	2.096951e-3
5.204000e1	-3.311932e-2	2.130351e-3
5.208000e1	-3.222726e-2	2.164894e-3
5.212000e1	-3.055121e-2	1.757109e-3
5.216000e1	-2.870763e-2	1.335123e-3
5.220000e1	-2.604818e-2	9.186004e-4
5.224000e1	-2.296449e-2	9.045625e-4
5.228000e1	-1.961267e-2	8.667440e-4
5.232000e1	-1.602308e-2	8.736240e-4
5.236000e1	-1.239516e-2	6.800922e-6
5.240000e1	-8.503211e-3	-5.483378e-7
5.244000e1	-4.595136e-3	-7.646573e-6
5.248000e1	-6.538929e-4	-3.171433e-5
5.252000e1	3.250709e-3	-5.132200e-5
5.256000e1	6.779265e-3	-2.715414e-5
5.260000e1	9.890568e-3	-8.405269e-4
5.264000e1	1.252395e-2	-8.387222e-4
5.268000e1	1.471086e-2	-8.591228e-4
5.272000e1	1.649073e-2	-8.565973e-4
5.276000e1	1.776180e-2	-8.709465e-4
5.280000e1	1.824562e-2	-8.517331e-4
5.284000e1	1.822376e-2	-8.549249e-4
5.288000e1	1.734956e-2	-8.451631e-4
5.292000e1	1.602173e-2	-8.649834e-4
5.296000e1	1.428069e-2	-8.878353e-4
5.300000e1	1.204912e-2	-8.585735e-4
5.304000e1	9.852008e-3	-4.119879e-4
5.308000e1	6.354508e-3	-4.327443e-4
5.312000e1	2.842194e-3	-4.085395e-4
5.316000e1	-1.073484e-3	-4.228903e-4
5.320000e1	-4.663878e-3	4.535303e-4
5.324000e1	-8.643487e-3	4.548212e-4
5.328000e1	-1.249594e-2	4.776240e-4
5.332000e1	-1.631635e-2	4.581260e-4
5.336000e1	-1.961642e-2	8.693246e-4
5.340000e1	-2.273872e-2	8.846700e-4
5.344000e1	-2.563195e-2	1.278356e-3
5.348000e1	-2.796102e-2	1.315961e-3
5.352000e1	-3.009086e-2	1.394853e-3
5.356000e1	-3.143670e-2	1.430374e-3
5.360000e1	-3.192916e-2	1.442572e-3
5.364000e1	-3.219573e-2	1.420607e-3
5.368000e1	-3.190448e-2	1.358386e-3
5.372000e1	-3.103011e-2	1.363472e-3
5.376000e1	-2.964994e-2	1.369241e-3
5.380000e1	-2.780048e-2	1.335480e-3
5.384000e1	-2.519194e-2	1.298611e-3
5.388000e1	-2.213585e-2	1.283310e-3
5.392000e1	-1.856327e-2	1.230711e-3
5.396000e1	-1.520306e-2	1.230691e-3
5.400000e1	-1.154164e-2	4.567300e-4
5.404000e1	-7.584813e-3	4.038392e-4
5.408000e1	-3.787942e-3	3.871031e-4
5.412000e1	-2.118990e-4	-1.451363e-6
5.416000e1	3.320227e-3	-4.033517e-4
5.420000e1	6.382432e-3	-4.230645e-4
5.424000e1	9.453830e-3	-4.772708e-4
5.428000e1	1.207579e-2	-4.585349e-4
5.432000e1	1.385761e-2	-4.474148e-4
5.436000e1	1.557954e-2	-4.474092e-4
5.440000e1	1.648184e-2	-4.474335e-4
5.444000e1	1.731621e-2	-4.489973e-4
5.448000e1	1.731610e-2	-4.424155e-4
5.452000e1	1.646008e-2	-4.357228e-4
5.456000e1	1.552069e-2	-4.484135e-4
5.460000e1	1.380142e-2	-4.287074e-4
5.464000e1	1.121899e-2	-4.054077e-4
5.468000e1	8.577011e-3	-4.267366e-4
5.472000e1	5.515426e-3	-4.192582e-4
5.476000e1	2.360301e-3	-4.044643e-4
5.480000e1	-1.479975e-3	-3.734758e-4
5.484000e1	-5.095050e-3	-3.513895e-4
5.488000e1	-8.964103e-3	-3.237637e-4
5.492000e1	-1.267441e-2	-2.963982e-4
5.496000e1	-1.618659e-2	-2.260638e-4
5.500000e1	-1.954563e-2	1.288283e-3
5.504000e1	-2.278624e-2	1.271435e-3
5.508000e1	-2.549887e-2	1.325677e-3
5.512000e1	-2.747115e-2	2.148278e-3
5.516000e1	-2.958348e-2	2.154568e-3
5.520000e1	-3.092057e-2	2.169230e-3
5.524000e1	-3.175593e-2	2.169565e-3
5.528000e1	-3.176867e-2	2.156748e-3
5.532000e1	-3.134522e-2	1.774410e-3
5.536000e1	-3.012526e-2	1.770319e-3
5.540000e1	-2.871805e-2	1.759783e-3
5.544000e1	-2.655518e-2	1.750902e-3
5.548000e1	-2.400074e-2	9.163890e-4
5.552000e1	-2.122949e-2	8.986893e-4
5.556000e1	-1.780317e-2	8.470139e-4
5.560000e1	-1.429080e-2	8.049323e-4
5.564000e1	-1.081801e-2	9.082870e-6
5.568000e1	-7.206424e-3	-1.362417e-6
5.572000e1	-3.287845e-3	-1.296903e-5
5.576000e1	6.433708e-4	-4.374967e-6
5.580000e1	3.726769e-3	-4.322182e-4
5.584000e1	6.769608e-3	-4.497087e-4
5.588000e1	9.447240e-3	-4.472139e-4
5.592000e1	1.163678e-2	-4.451470e-4
5.596000e1	1.336494e-2	-4.483315e-4
5.600000e1	1.471071e-2	-4.512126e-4
5.604000e1	1.557896e-2	-4.461734e-4
5.608000e1	1.556287e-2	-4.399395e-4
5.612000e1	1.515859e-2	-4.595865e-4
5.616000e1	1.467742e-2	-4.321657e-4
5.620000e1	1.337912e-2	-4.292508e-4
5.624000e1	1.162380e-2	-4.405472e-4
5.628000e1	9.421903e-3	-4.465454e-4
5.632000e1	6.787680e-3	-4.324922e-4
5.636000e1	3.686769e-3	-3.955366e-4
5.640000e1	2.234243e-4	-4.147854e-4
5.644000e1	-3.331586e-3	-3.799010e-4
5.648000e1	-6.774730e-3	3.942842e-4
5.652000e1	-1.033979e-2	4.342868e-4
5.656000e1	-1.414379e-2	4.230958e-4
5.660000e1	-1.766336e-2	5.054973e-4
5.664000e1	-2.088338e-2	5.349270e-4
5.668000e1	-2.383273e-2	5.049970e-4
5.672000e1	-2.574525e-2	1.319806e-3
5.676000e1	-2.786076e-2	1.344012e-3
5.680000e1	-2.960168e-2	1.763735e-3
5.684000e1	-3.054546e-2	1.783145e-3
5.688000e1	-3.094270e-2	1.773042e-3
5.692000e1	-3.092550e-2	1.769019e-3
5.696000e1	-3.009686e-2	1.771041e-3
5.700000e1	-2.912828e-2	1.730205e-3
5.704000e1	-2.737070e-2	1.707517e-3
5.708000e1	-2.520212e-2	1.701912e-3
5.712000e1	-2.255493e-2	1.724430e-3
5.716000e1	-1.953456e-2	1.303015e-3
5.720000e1	-1.621568e-2	9.189157e-4
5.724000e1	-1.261340e-2	8.737713e-4
5.728000e1	-8.945963e-3	8.153983e-4
5.732000e1	-5.099819e-3	8.227637e-4
5.736000e1	-1.954657e-3	3.852398e-5
5.740000e1	1.895634e-3	1.920454e-5
5.744000e1	5.059248e-3	2.047180e-5
5.748000e1	8.093614e-3	1.278847e-6
5.752000e1	1.072986e-2	-1.047257e-5
5.756000e1	1.291353e-2	-3.533276e-5
5.760000e1	1.427639e-2	-4.364983e-5
5.764000e1	1.515393e-2	-6.501356e-6
5.768000e1	1.601850e-2	-2.359935e-5
5.772000e1	1.643656e-2	-1.928629e-5
5.776000e1	1.599529e-2	-3.666150e-5
5.780000e1	1.512301e-2	-2.469727e-5
5.784000e1	1.338412e-2	-7.947117e-6
5.788000e1	1.162969e-2	-4.680533e-5
5.792000e1	9.033730e-3	-5.700193e-5
5.796000e1	6.356108e-3	-3.650163e-5
5.800000e1	2.856048e-3	3.310913e-5
5.804000e1	-6.219259e-4	3.637577e-5
5.808000e1	-4.152334e-3	6.553208e-5
5.812000e1	-7.646296e-3	4.076857e-4
5.816000e1	-1.120514e-2	4.548170e-4
5.820000e1	-1.467031e-2	4.849274e-4
5.824000e1	-1.803556e-2	1.233706e-3
5.828000e1	-2.120890e-2	1.301998e-3
5.832000e1	-2.419244e-2	1.285351e-3
5.836000e1	-2.651590e-2	1.749955e-3
5.840000e1	-2.831390e-2	1.763594e-3
5.844000e1	-2.999234e-2	2.183778e-3
5.848000e1	-3.087628e-2	2.178967e-3
5.852000e1	-3.094319e-2	2.200993e-3
5.856000e1	-3.087992e-2	2.182206e-3
5.860000e1	-3.003226e-2	2.198751e-3
5.864000e1	-2.838212e-2	2.146740e-3
5.868000e1	-2.658222e-2	2.126536e-3
5.872000e1	-2.436047e-2	1.327224e-3
5.876000e1	-2.133708e-2	1.724125e-3
5.880000e1	-1.842127e-2	8.428488e-4
5.884000e1	-1.506247e-2	8.506220e-4
5.888000e1	-1.162696e-2	8.192987e-4
5.892000e1	-8.046591e-3	7.217920e-4
5.896000e1	-4.580060e-3	2.162581e-5
5.900000e1	-1.090018e-3	3.745534e-5
5.904000e1	2.354226e-3	5.915886e-5
5.908000e1	5.078450e-3	-1.099500e-5
5.912000e1	8.115101e-3	1.674640e-5
5.916000e1	1.032433e-2	1.152517e-5
5.920000e1	1.250521e-2	2.190318e-5
5.924000e1	1.384226e-2	9.969004e-6
5.928000e1	1.471102e-2	1.220363e-5
5.932000e1	1.557509e-2	1.138117e-5
5.936000e1	1.556539e-2	2.768154e-5
5.940000e1	1.511955e-2	1.418492e-5
5.944000e1	1.383001e-2	1.723458e-5
5.948000e1	1.208828e-2	1.702774e-5
5.952000e1	1.030580e-2	2.278124e-5
5.956000e1	7.699222e-3	7.431898e-6
5.960000e1	5.030570e-3	-1.600708e-5
5.964000e1	1.972769e-3	-9.385565e-6
5.968000e1	-1.524547e-3	-2.863103e-5
5.972000e1	-5.427425e-3	-9.385137e-7
5.976000e1	-8.829896e-3	-1.094061e-5
5.980000e1	-1.237296e-2	4.172994e-5
5.984000e1	-1.520284e-2	8.664688e-4
5.988000e1	-1.835970e-2	9.039742e-4
5.992000e1	-2.172243e-2	9.130898e-4
5.996000e1	-2.434885e-2	8.983624e-4
6.000000e1	-2.614205e-2	9.003016e-4
6.004000e1	-2.791766e-2	9.384576e-4
6.008000e1	-2.922058e-2	1.337193e-3
6.012000e1	-3.004324e-2	1.324965e-3
6.016000e1	-3.005470e-2	1.327058e-3
6.020000e1	-2.963497e-2	1.317973e-3
6.024000e1	-2.870366e-2	1.309318e-3
6.028000e1	-2.737790e-2	8.754730e-4
6.032000e1	-2.524098e-2	8.691574e-4
6.036000e1	-2.298508e-2	8.387800e-4
6.040000e1	-1.994005e-2	8.251499e-4
6.044000e1	-1.706074e-2	6.137165e-5
6.048000e1	-1.362125e-2	8.500129e-5
6.052000e1	-1.026798e-2	7.130759e-6
6.056000e1	-6.753929e-3	-2.842168e-5
6.060000e1	-3.275614e-3	-4.969424e-5
6.064000e1	1.976663e-4	-4.410334e-4
6.068000e1	3.283466e-3	-8.392815e-4
6.072000e1	6.344022e-3	-8.488448e-4
6.076000e1	8.996056e-3	-8.590849e-4
6.080000e1	1.118518e-2	-8.525607e-4
6.084000e1	1.294279e-2	-8.630414e-4
6.088000e1	1.382159e-2	-8.493652e-4
6.092000e1	1.512908e-2	-8.716741e-4
6.096000e1	1.555782e-2	-8.928653e-4
6.100000e1	1.512520e-2	-8.781557e-4
6.104000e1	1.382201e-2	-8.636322e-4
6.108000e1	1.249796e-2	-8.699691e-4
6.112000e1	1.032436e-2	-8.364669e-4
6.116000e1	8.101042e-3	-8.403583e-4
6.120000e1	5.144992e-3	-4.625162e-4
6.124000e1	2.404528e-3	-4.507874e-4
6.128000e1	-9.619077e-4	-4.446438e-4
6.132000e1	-4.144584e-3	-3.826977e-4
6.136000e1	-7.239925e-3	4.341167e-4
6.140000e1	-1.075159e-2	4.710992e-4
6.144000e1	-1.422224e-2	5.120906e-4
6.148000e1	-1.736712e-2	5.337947e-4
6.152000e1	-2.039244e-2	5.743338e-4
6.156000e1	-2.310077e-2	1.308870e-3
6.160000e1	-2.554913e-2	1.371157e-3
6.164000e1	-2.738523e-2	1.316540e-3
6.168000e1	-2.828987e-2	1.320901e-3
6.172000e1	-2.917147e-2	1.319224e-3
6.176000e1	-2.924443e-2	1.757445e-3
6.180000e1	-2.925632e-2	1.752440e-3
6.184000e1	-2.840974e-2	1.758562e-3
6.188000e1	-2.751985e-2	1.307062e-3
6.192000e1	-2.647777e-2	1.716244e-3
6.196000e1	-2.395739e-2	1.292862e-3
6.200000e1	-2.131426e-2	1.306970e-3
6.204000e1	-1.864771e-2	8.779113e-4
6.208000e1	-1.548213e-2	8.843319e-4
6.212000e1	-1.238665e-2	8.241320e-5
6.216000e1	-8.923206e-3	2.765894e-5
6.220000e1	-5.457770e-3	4.179612e-5
6.224000e1	-1.972965e-3	-1.479251e-5
6.228000e1	1.502679e-3	-9.293483e-7
6.232000e1	4.200565e-3	-8.134639e-4
6.236000e1	6.830365e-3	-8.375268e-4
6.240000e1	9.430847e-3	-8.393760e-4
6.244000e1	1.161272e-2	-8.657051e-4
6.248000e1	1.292600e-2	-8.418954e-4
6.252000e1	1.383418e-2	-8.531254e-4
6.256000e1	1.470897e-2	-8.393623e-4
6.260000e1	1.554818e-2	-8.876017e-4
6.264000e1	1.511754e-2	-8.770010e-4
6.268000e1	1.423530e-2	-8.570467e-4
6.272000e1	1.291856e-2	-8.310194e-4
6.276000e1	1.114713e-2	-8.353692e-4
6.280000e1	8.564656e-3	-8.302468e-5
6.284000e1	5.943764e-3	-4.751275e-5
6.288000e1	3.226467e-3	-1.257092e-5
6.292000e1	1.352036e-4	3.918895e-5
6.296000e1	-3.718816e-3	4.112767e-5
6.300000e1	-7.205872e-3	2.143181e-5
6.304000e1	-1.069263e-2	3.031513e-5
6.308000e1	-1.406317e-2	3.959468e-5
6.312000e1	-1.686858e-2	8.627425e-4
6.316000e1	-2.027223e-2	6.625581e-5
6.320000e1	-2.282584e-2	8.644594e-5
6.324000e1	-2.481045e-2	8.836601e-4
6.328000e1	-2.656902e-2	8.825098e-4
6.332000e1	-2.824673e-2	8.743992e-4
6.336000e1	-2.913676e-2	9.087312e-4
6.340000e1	-2.923680e-2	9.242929e-4
6.344000e1	-2.913941e-2	8.896346e-4
6.348000e1	-2.835910e-2	9.012089e-4
6.352000e1	-2.741882e-2	9.243137e-4
6.356000e1	-2.567495e-2	8.802000e-4
6.360000e1	-2.382258e-2	8.762110e-4
6.364000e1	-2.124049e-2	8.502425e-4
6.368000e1	-1.854262e-2	8.291131e-4
6.372000e1	-1.554818e-2	8.456158e-4
6.376000e1	-1.245446e-2	1.222043e-6
6.380000e1	-8.959975e-3	-1.179630e-5
6.384000e1	-5.072263e-3	5.926033e-6
6.388000e1	-1.711560e-3	-1.179152e-6
6.392000e1	1.456420e-3	-3.079350e-5
6.396000e1	4.168130e-3	-8.074304e-4
6.400000e1	6.806784e-3	-8.361741e-4
6.404000e1	9.420999e-3	-8.303584e-4
6.408000e1	1.118197e-2	-8.512476e-4
6.412000e1	1.206039e-2	-2.158245e-5
6.416000e1	1.298199e-2	-4.080652e-5
6.420000e1	1.383109e-2	-1.523042e-5
6.424000e1	1.383353e-2	-1.724451e-5
6.428000e1	1.381799e-2	-1.574384e-5
6.432000e1	1.294309e-2	-1.990062e-5
6.436000e1	1.121312e-2	8.673434e-6
6.440000e1	9.457311e-3	7.281795e-6
6.444000e1	7.669129e-3	9.045745e-6
6.448000e1	4.626895e-3	6.032308e-7
6.452000e1	1.592320e-3	6.140647e-6
6.456000e1	-1.508641e-3	5.344007e-5
6.460000e1	-4.579458e-3	3.750627e-4
6.464000e1	-7.684656e-3	4.931863e-4
6.468000e1	-1.071876e-2	8.520906e-4
6.472000e1	-1.412456e-2	8.744944e-4
6.476000e1	-1.725972e-2	8.805572e-4
6.480000e1	-2.021231e-2	9.059645e-4
6.484000e1	-2.282022e-2	9.026343e-4
6.488000e1	-2.485048e-2	9.177715e-4
6.492000e1	-2.660365e-2	9.369259e-4
6.496000e1	-2.787140e-2	1.308789e-3
6.500000e1	-2.834861e-2	1.730460e-3
6.504000e1	-2.872789e-2	1.753442e-3
6.508000e1	-2.870843e-2	1.723576e-3
6.512000e1	-2.787021e-2	1.724421e-3
6.516000e1	-2.659000e-2	1.324144e-3
6.520000e1	-2.519263e-2	8.810105e-4
6.524000e1	-2.298973e-2	8.573267e-4
6.528000e1	-2.045903e-2	8.587571e-4
6.532000e1	-1.764439e-2	7.746228e-4
6.536000e1	-1.461053e-2	4.587165e-4
6.540000e1	-1.153437e-2	3.800685e-4
6.544000e1	-8.205522e-3	1.031836e-5
6.548000e1	-5.013973e-3	-1.712817e-5
6.552000e1	-1.845308e-3	-4.788841e-5
6.556000e1	1.456702e-3	-7.816390e-4
6.560000e1	4.186841e-3	-8.195547e-4
6.564000e1	6.771697e-3	-8.279968e-4
6.568000e1	8.628961e-3	-7.933154e-4
6.572000e1	1.035218e-2	-7.872891e-4
6.576000e1	1.206764e-2	-8.008187e-4
6.580000e1	1.295238e-2	-7.902673e-4
6.584000e1	1.339234e-2	-7.880865e-4
6.588000e1	1.338481e-2	-8.081269e-4
6.592000e1	1.293949e-2	-7.998242e-4
6.596000e1	1.206258e-2	-8.044577e-4
6.600000e1	1.034420e-2	-7.936225e-4
6.604000e1	8.587354e-3	-8.030040e-4
6.608000e1	6.366520e-3	-7.928824e-4
6.612000e1	3.720101e-3	-7.756633e-4
6.616000e1	7.426632e-4	-4.477262e-4
6.620000e1	-2.320294e-3	-3.936323e-4
6.624000e1	-5.442242e-3	-3.778149e-4
6.628000e1	-8.431211e-3	3.296314e-4
6.632000e1	-1.158067e-2	4.026648e-4
6.636000e1	-1.487097e-2	4.265980e-5
6.640000e1	-1.774237e-2	4.322502e-4
6.644000e1	-2.043198e-2	4.966729e-4
6.648000e1	-2.294458e-2	8.858703e-4
6.652000e1	-2.483036e-2	9.189409e-4
6.656000e1	-2.651091e-2	9.274136e-4
6.660000e1	-2.743904e-2	9.159583e-4
6.664000e1	-2.829710e-2	1.312529e-3
6.668000e1	-2.836008e-2	1.307147e-3
6.672000e1	-2.824728e-2	1.351159e-3
6.676000e1	-2.743517e-2	1.303539e-3
6.680000e1	-2.610635e-2	1.315948e-3
6.684000e1	-2.439431e-2	1.325603e-3
6.688000e1	-2.220346e-2	1.315040e-3
6.692000e1	-1.993631e-2	1.263317e-3
6.696000e1	-1.728427e-2	4.862494e-4
6.700000e1	-1.420085e-2	4.518241e-4
6.704000e1	-1.078912e-2	4.578233e-4
6.708000e1	-7.685901e-3	3.820975e-4
6.712000e1	-4.591334e-3	-4.002648e-4
6.716000e1	-1.535749e-3	-4.074529e-4
6.720000e1	1.527831e-3	-4.068300e-4
6.724000e1	4.201833e-3	-4.157303e-4
6.728000e1	6.805570e-3	-4.324660e-4
6.732000e1	8.570406e-3	-4.285203e-4
6.736000e1	1.031588e-2	-4.152058e-4
6.740000e1	1.163803e-2	-4.334363e-4
6.744000e1	1.293946e-2	-8.681215e-4
6.748000e1	1.296244e-2	-8.870841e-4
6.752000e1	1.295519e-2	-8.899060e-4
6.756000e1	1.249915e-2	-8.530763e-4
6.760000e1	1.124899e-2	-8.677547e-4
6.764000e1	9.881973e-3	-8.186481e-4
6.768000e1	7.745267e-3	-8.404699e-4
6.772000e1	5.940117e-3	-8.012543e-4
6.776000e1	3.235429e-3	-7.837251e-4
6.780000e1	2.234537e-4	-7.835012e-4
6.784000e1	-2.421879e-3	-5.354148e-5
6.788000e1	-5.536303e-3	3.604788e-6
6.792000e1	-8.983830e-3	2.060612e-7
6.796000e1	-1.207282e-2	8.203658e-5
6.800000e1	-1.516474e-2	9.221640e-5
6.804000e1	-1.794791e-2	1.343204e-4
6.808000e1	-2.043315e-2	9.153085e-5
6.812000e1	-2.266903e-2	9.511311e-5
6.816000e1	-2.474128e-2	8.645734e-4
6.820000e1	-2.610486e-2	8.508960e-4
6.824000e1	-2.702733e-2	8.638488e-4
6.828000e1	-2.746289e-2	9.129348e-4
6.832000e1	-2.749573e-2	9.256370e-4
6.836000e1	-2.704963e-2	8.950087e-4
6.840000e1	-2.618673e-2	8.905888e-4
6.844000e1	-2.488835e-2	8.669014e-4
6.848000e1	-2.313445e-2	8.688691e-4
6.852000e1	-2.123862e-2	5.757922e-5
6.856000e1	-1.876140e-2	5.442323e-5
6.860000e1	-1.597526e-2	3.085453e-5
6.864000e1	-1.311150e-2	-1.934216e-6
6.868000e1	-9.925309e-3	-1.756018e-5
6.872000e1	-6.808442e-3	-6.113955e-7
6.876000e1	-3.330198e-3	-1.818963e-5
6.880000e1	-6.720139e-4	-1.097868e-5
6.884000e1	2.010298e-3	-1.319534e-5
6.888000e1	5.014976e-3	-3.534166e-5
6.892000e1	7.245177e-3	-2.832930e-5
6.896000e1	9.011540e-3	-2.724999e-5
6.900000e1	1.075141e-2	-1.044979e-5
6.904000e1	1.251433e-2	-4.341813e-4
6.908000e1	1.335971e-2	-4.449991e-4
6.912000e1	1.339822e-2	-4.303619e-4
6.916000e1	1.337059e-2	-4.653595e-4
6.920000e1	1.289170e-2	-4.755286e-4
6.924000e1	1.164150e-2	-4.702525e-4
6.928000e1	9.870986e-3	-4.605094e-4
6.932000e1	8.110130e-3	-4.747833e-4
6.936000e1	5.890319e-3	-4.593212e-4
6.940000e1	3.296074e-3	-4.370424e-4
6.944000e1	6.182137e-4	-4.011360e-4
6.948000e1	-2.423828e-3	-3.746585e-4
6.952000e1	-5.599724e-3	-3.071711e-4
6.956000e1	-9.038151e-3	-3.282800e-4
6.960000e1	-1.204650e-2	4.557836e-4
6.964000e1	-1.513907e-2	4.461493e-4
6.968000e1	-1.780118e-2	4.742294e-4
6.972000e1	-2.041603e-2	5.147220e-4
6.976000e1	-2.258749e-2	1.323804e-3
6.980000e1	-2.431465e-2	1.319361e-3
6.984000e1	-2.567846e-2	1.313324e-3
6.988000e1	-2.659531e-2	1.310562e-3
6.992000e1	-2.706780e-2	1.308891e-3
6.996000e1	-2.704262e-2	9.122880e-4
7.000000e1	-2.694455e-2	8.975479e-4
7.004000e1	-2.604848e-2	9.228534e-4
7.008000e1	-2.473807e-2	9.683479e-4
7.012000e1	-2.295675e-2	8.759138e-4
7.016000e1	-2.081789e-2	8.531896e-4
7.020000e1	-1.821642e-2	8.764306e-4
7.024000e1	-1.560621e-2	4.557407e-4
7.028000e1	-1.256443e-2	4.246353e-4
7.032000e1	-9.459216e-3	3.949490e-4
7.036000e1	-6.344159e-3	3.714903e-4
7.040000e1	-3.272112e-3	3.414788e-4
7.044000e1	-2.485049e-4	3.433019e-4
7.048000e1	2.407996e-3	-4.230755e-4
7.052000e1	5.019287e-3	-4.190062e-4
7.056000e1	7.233736e-3	-4.183622e-4
7.060000e1	9.437881e-3	-4.409773e-4
7.064000e1	1.119438e-2	-4.331310e-4
7.068000e1	1.208256e-2	-4.329693e-4
7.072000e1	1.292850e-2	-4.330987e-4
7.076000e1	1.296995e-2	-4.312436e-4
7.080000e1	1.293530e-2	-4.104809e-4
7.084000e1	1.246042e-2	-3.847763e-4
7.088000e1	1.121006e-2	-4.066322e-4
7.092000e1	9.852778e-3	-3.949990e-4
7.096000e1	8.065438e-3	-3.967641e-4
7.100000e1	5.460679e-3	-3.838626e-4
7.104000e1	3.231536e-3	-5.466929e-6
7.108000e1	-1.859513e-4	2.390113e-5
7.112000e1	-2.849977e-3	5.241613e-5
7.116000e1	-5.961617e-3	4.392119e-4
7.120000e1	-9.074477e-3	4.498117e-4
7.124000e1	-1.213492e-2	4.535672e-4
7.128000e1	-1.517823e-2	4.695732e-4
7.132000e1	-1.777648e-2	4.929181e-4
7.136000e1	-2.036254e-2	4.846271e-4
7.140000e1	-2.256701e-2	8.783663e-4
7.144000e1	-2.396499e-2	9.055171e-4
7.148000e1	-2.556481e-2	9.333760e-4
7.152000e1	-2.653227e-2	9.555942e-4
7.156000e1	-2.692715e-2	1.287806e-3
7.160000e1	-2.693559e-2	1.293470e-3
7.164000e1	-2.619785e-2	1.333969e-3
7.168000e1	-2.531255e-2	1.334014e-3
7.172000e1	-2.394687e-2	1.290561e-3
7.176000e1	-2.219814e-2	1.274691e-3
7.180000e1	-2.038300e-2	8.800079e-4
7.184000e1	-1.781876e-2	8.748636e-4
7.188000e1	-1.521113e-2	5.125802e-4
7.192000e1	-1.241430e-2	4.065050e-4
7.196000e1	-9.393094e-3	3.949826e-4
7.200000e1	-6.327219e-3	3.549365e-4
7.204000e1	-3.658321e-3	-7.387195e-6
7.208000e1	-2.541064e-4	-3.131620e-5
7.212000e1	2.393233e-3	-3.934577e-4
7.216000e1	5.030116e-3	-4.562246e-4
7.220000e1	7.236483e-3	-4.534342e-4
7.224000e1	9.376428e-3	-4.553711e-4
7.228000e1	1.072789e-2	-4.731606e-4
7.232000e1	1.196372e-2	-4.783379e-4
7.236000e1	1.287277e-2	-4.820332e-4
7.240000e1	1.288576e-2	-4.630934e-4
7.244000e1	1.250718e-2	-4.601147e-4
7.248000e1	1.160688e-2	-4.466406e-4
7.252000e1	1.032045e-2	-4.422385e-4
7.256000e1	8.561287e-3	-4.376476e-4
7.260000e1	6.767515e-3	-3.803903e-4
7.264000e1	4.191948e-3	-3.865284e-4
7.268000e1	1.549717e-3	-3.869154e-4
7.272000e1	-1.527849e-3	-3.777110e-4
7.276000e1	-4.177950e-3	4.025301e-4
7.280000e1	-7.248838e-3	4.157034e-4
7.284000e1	-1.029507e-2	4.442421e-4
7.288000e1	-1.331383e-2	4.661010e-4
7.292000e1	-1.599961e-2	4.696164e-4
7.296000e1	-1.864705e-2	4.743237e-4
7.300000e1	-2.085926e-2	5.112757e-4
7.304000e1	-2.296949e-2	5.239450e-4
7.308000e1	-2.438240e-2	8.769828e-4
7.312000e1	-2.565621e-2	9.183036e-4
7.316000e1	-2.647209e-2	9.126966e-4
7.320000e1	-2.662986e-2	1.286717e-3
7.324000e1	-2.657300e-2	1.275349e-3
7.328000e1	-2.609134e-2	1.307030e-3
7.332000e1	-2.520224e-2	1.271012e-3
7.336000e1	-2.388044e-2	1.259366e-3
7.340000e1	-2.220469e-2	8.775649e-4
7.344000e1	-1.998560e-2	4.791362e-4
7.348000e1	-1.773582e-2	4.342431e-4
7.352000e1	-1.516580e-2	4.236367e-4
7.356000e1	-1.237960e-2	3.756640e-4
7.360000e1	-9.039721e-3	1.256760e-5
7.364000e1	-6.307150e-3	-3.088581e-5
7.368000e1	-3.284669e-3	-5.967192e-5
7.372000e1	-6.604061e-4	-4.254975e-4
7.376000e1	2.006450e-3	-4.428200e-4
7.380000e1	4.568794e-3	-4.455650e-4
7.384000e1	6.748611e-3	-4.440828e-4
7.388000e1	8.534526e-3	-4.489428e-4
7.392000e1	9.856626e-3	-4.481351e-4
7.396000e1	1.075957e-2	-4.592912e-4
7.400000e1	1.121625e-2	-4.293808e-4
7.404000e1	1.204719e-2	-8.682623e-4
7.408000e1	1.118967e-2	-4.770997e-4
7.412000e1	1.031489e-2	-4.549645e-4
7.416000e1	9.435424e-3	-4.659170e-4
7.420000e1	7.700625e-3	-4.350910e-4
7.424000e1	5.925858e-3	-4.363071e-4
7.428000e1	3.681274e-3	-4.214872e-4
7.432000e1	1.100415e-3	3.557774e-4
7.436000e1	-1.542310e-3	3.508077e-4
7.440000e1	-4.518541e-3	3.239729e-4
7.444000e1	-7.294643e-3	4.502078e-4
7.448000e1	-1.029621e-2	4.268974e-4
7.452000e1	-1.333910e-2	4.389957e-4
7.456000e1	-1.602169e-2	4.593704e-4
7.460000e1	-1.859124e-2	4.686286e-4
7.464000e1	-2.047584e-2	1.291349e-3
7.468000e1	-2.257344e-2	1.272193e-3
7.472000e1	-2.396854e-2	1.305481e-3
7.476000e1	-2.522682e-2	1.281267e-3
7.480000e1	-2.606793e-2	1.311252e-3
7.484000e1	-2.614811e-2	1.327901e-3
7.488000e1	-2.607579e-2	1.711042e-3
7.492000e1	-2.557834e-2	1.343741e-3
7.496000e1	-2.443251e-2	1.292215e-3
7.500000e1	-2.307395e-2	1.281048e-3
7.504000e1	-2.133038e-2	1.286028e-3
7.508000e1	-1.909446e-2	1.272076e-3
7.512000e1	-1.685868e-2	9.002073e-4
7.516000e1	-1.419784e-2	4.554874e-4
7.520000e1	-1.146662e-2	4.097737e-4
7.524000e1	-8.554609e-3	3.915347e-4
7.528000e1	-5.476355e-3	3.961096e-4
7.532000e1	-2.844939e-3	3.898295e-4
7.536000e1	-2.192079e-4	-7.634106e-6
7.540000e1	2.407181e-3	-1.326413e-5
7.544000e1	5.001859e-3	-2.857553e-5
7.548000e1	6.779139e-3	-4.010398e-5
7.552000e1	8.552712e-3	-4.263694e-4
7.556000e1	9.871506e-3	-4.543532e-4
7.560000e1	1.115122e-2	-4.623886e-4
7.564000e1	1.162318e-2	-8.404960e-4
7.568000e1	1.161528e-2	-8.492622e-4
7.572000e1	1.076802e-2	-8.559216e-4
7.576000e1	9.892342e-3	-8.533750e-4
7.580000e1	8.553325e-3	-8.481620e-4
7.584000e1	6.808269e-3	-8.400833e-4
7.588000e1	4.595222e-3	-8.093380e-4
7.592000e1	2.414625e-3	-4.550302e-4
7.596000e1	-2.098742e-4	-4.225677e-4
7.600000e1	-2.858483e-3	-3.706976e-4
7.604000e1	-5.531796e-3	-3.605593e-4
7.608000e1	-8.562587e-3	-3.156375e-5
7.612000e1	-1.124574e-2	3.241359e-5
7.616000e1	-1.422044e-2	-1.865535e-5
7.620000e1	-1.683343e-2	1.238630e-5
7.624000e1	-1.909010e-2	8.528089e-5
7.628000e1	-2.118129e-2	6.574357e-5
7.632000e1	-2.267448e-2	7.730034e-5
7.636000e1	-2.398669e-2	1.225297e-4
7.640000e1	-2.490540e-2	1.362892e-4
7.644000e1	-2.554748e-2	1.375227e-4
7.648000e1	-2.565679e-2	3.750330e-4
7.652000e1	-2.529075e-2	3.806525e-4
7.656000e1	-2.469619e-2	3.829844e-4
7.660000e1	-2.386252e-2	4.394879e-4
7.664000e1	-2.216603e-2	4.074778e-4
7.668000e1	-2.044060e-2	4.234397e-4
7.672000e1	-1.821709e-2	4.062011e-4
7.676000e1	-1.597169e-2	3.848227e-4
7.680000e1	-1.336223e-2	3.864198e-4
7.684000e1	-1.072761e-2	-4.218796e-4
7.688000e1	-8.060279e-3	-4.201031e-4
7.692000e1	-5.069211e-3	-4.477581e-4
7.696000e1	-2.393498e-3	-4.572893e-4
7.700000e1	2.226705e-4	-4.650334e-4
7.704000e1	2.844275e-3	-4.579906e-4
7.708000e1	5.036876e-3	-4.494454e-4
7.712000e1	6.797178e-3	-4.407802e-4
7.716000e1	8.536700e-3	-4.609127e-4
7.720000e1	9.451515e-3	-4.523637e-4
7.724000e1	1.031254e-2	-4.624950e-4
7.728000e1	1.074377e-2	-4.520383e-4
7.732000e1	1.074749e-2	-4.461992e-4
7.736000e1	1.031150e-2	-4.295975e-4
7.740000e1	9.421821e-3	-4.252375e-4
7.744000e1	7.702500e-3	-8.449535e-4
7.748000e1	5.906898e-3	-7.969041e-4
7.752000e1	3.731784e-3	-8.233911e-4
7.756000e1	1.118876e-3	-4.631154e-4
7.760000e1	-1.144541e-3	-4.459711e-4
7.764000e1	-3.772666e-3	-3.854064e-4
7.768000e1	-6.771649e-3	3.733451e-4
7.772000e1	-9.432326e-3	4.002165e-4
7.776000e1	-1.209500e-2	4.499269e-4
7.780000e1	-1.465839e-2	4.369095e-4
7.784000e1	-1.730216e-2	4.615524e-4
7.788000e1	-1.953240e-2	4.719047e-4
7.792000e1	-2.134245e-2	4.810289e-4
7.796000e1	-2.298956e-2	5.071274e-4
7.800000e1	-2.400925e-2	5.357998e-4
7.804000e1	-2.486688e-2	5.655282e-4
7.808000e1	-2.525766e-2	8.644678e-4
7.812000e1	-2.525291e-2	8.863925e-4
7.816000e1	-2.475378e-2	9.022320e-4
7.820000e1	-2.391379e-2	8.838747e-4
7.824000e1	-2.266813e-2	8.868683e-4
7.828000e1	-2.091222e-2	8.875937e-4
7.832000e1	-1.907286e-2	8.752458e-4
7.836000e1	-1.685057e-2	8.691706e-4
7.840000e1	-1.432516e-2	2.242819e-5
7.844000e1	-1.163773e-2	5.011525e-6
7.848000e1	-9.002602e-3	4.641231e-6
7.852000e1	-5.979232e-3	6.833154e-6
7.856000e1	-3.697965e-3	-8.076787e-4
7.860000e1	-1.080350e-3	-8.410473e-4
7.864000e1	1.530344e-3	-8.401228e-4
7.868000e1	4.156382e-3	-8.447578e-4
7.872000e1	6.351187e-3	-8.383673e-4
7.876000e1	8.112425e-3	-8.600824e-4
7.880000e1	9.433463e-3	-8.627884e-4
7.884000e1	1.031954e-2	-8.761186e-4
7.888000e1	1.076291e-2	-8.466179e-4
7.892000e1	1.112838e-2	-8.254908e-4
7.896000e1	1.076613e-2	-8.394241e-4
7.900000e1	9.855580e-3	-4.640198e-4
7.904000e1	8.569773e-3	-4.377049e-4
7.908000e1	7.242952e-3	-4.624929e-4
7.912000e1	5.467671e-3	-4.348500e-4
7.916000e1	3.290276e-3	-4.283639e-4
7.920000e1	6.853734e-4	-4.093495e-4
7.924000e1	-1.966292e-3	-3.994428e-4
7.928000e1	-4.624960e-3	-3.497317e-4
7.932000e1	-7.292818e-3	-3.468287e-4
7.936000e1	-9.942342e-3	-2.935563e-4
7.940000e1	-1.267800e-2	-2.704579e-4
7.944000e1	-1.477321e-2	4.175912e-4
7.948000e1	-1.735243e-2	4.645115e-4
7.952000e1	-1.946270e-2	4.913860e-4
7.956000e1	-2.124052e-2	4.956172e-4
7.960000e1	-2.260626e-2	5.084421e-4
7.964000e1	-2.356889e-2	5.133271e-4
7.968000e1	-2.517408e-2	1.264113e-3
7.972000e1	-2.518799e-2	1.287762e-3
7.976000e1	-2.478470e-2	1.304795e-3
7.980000e1	-2.394431e-2	1.322677e-3
7.984000e1	-2.307372e-2	1.318551e-3
7.988000e1	-2.173084e-2	1.324433e-3
7.992000e1	-2.000684e-2	1.278740e-3
7.996000e1	-1.782557e-2	1.282513e-3
8.000000e1	-1.559676e-2	1.259011e-3
8.004000e1	-1.301776e-2	4.573462e-4
8.008000e1	-1.040378e-2	4.140374e-4
8.012000e1	-7.745526e-3	4.195614e-4
8.016000e1	-5.053033e-3	3.964361e-4
8.020000e1	-2.426133e-3	3.629536e-4
8.024000e1	2.159119e-4	3.256137e-4
8.028000e1	2.425266e-3	-4.441871e-4
8.032000e1	4.593534e-3	-4.330645e-4
8.036000e1	6.366661e-3	-4.410643e-4
8.040000e1	7.705132e-3	-4.378826e-4
8.044000e1	8.979285e-3	-4.447219e-4
8.048000e1	9.828400e-3	-4.393445e-4
8.052000e1	9.898347e-3	-4.485297e-4
8.056000e1	9.884365e-3	-4.401979e-4
8.060000e1	9.439899e-3	-4.346789e-4
8.064000e1	8.553953e-3	-3.895054e-4
8.068000e1	7.252534e-3	-4.303478e-4
8.072000e1	5.504359e-3	-4.288211e-4
8.076000e1	3.718104e-3	-4.392616e-4
8.080000e1	1.532333e-3	-4.017849e-4
8.084000e1	-1.085641e-3	-4.020636e-4
8.088000e1	-3.734870e-3	-3.345906e-4
8.092000e1	-6.411317e-3	-3.407405e-4
8.096000e1	-9.043907e-3	-3.543566e-4
8.100000e1	-1.166054e-2	-3.354313e-4
8.104000e1	-1.384175e-2	4.680920e-4
8.108000e1	-1.642401e-2	4.672654e-4
8.112000e1	-1.861363e-2	4.787686e-4
8.116000e1	-2.042940e-2	4.944211e-4
8.120000e1	-2.209027e-2	4.831094e-4
8.124000e1	-2.308704e-2	8.785947e-4
8.128000e1	-2.392049e-2	8.926079e-4
8.132000e1	-2.438984e-2	4.925358e-4
8.136000e1	-2.446213e-2	5.061327e-4
8.140000e1	-2.430150e-2	4.666481e-4
8.144000e1	-2.357141e-2	5.016707e-4
8.148000e1	-2.259822e-2	4.344737e-4
8.152000e1	-2.118574e-2	4.358179e-4
8.156000e1	-1.948719e-2	4.647699e-4
8.160000e1	-1.739415e-2	4.884231e-4
8.164000e1	-1.509857e-2	3.806674e-4
8.168000e1	-1.251092e-2	3.943288e-4
8.172000e1	-9.876216e-3	3.659501e-4
8.176000e1	-7.263315e-3	3.665008e-4
8.180000e1	-4.607801e-3	3.506573e-4
8.184000e1	-2.386767e-3	-4.418608e-4
8.188000e1	-1.616413e-4	-4.916396e-4
8.192000e1	2.392274e-3	-4.688522e-4
8.196000e1	4.227770e-3	-4.915732e-4
8.200000e1	6.368391e-3	-8.592741e-4
8.204000e1	7.678435e-3	-8.549333e-4
8.208000e1	8.978080e-3	-8.438265e-4
8.212000e1	9.445108e-3	-8.748591e-4
8.216000e1	9.444424e-3	-8.656575e-4
8.220000e1	9.430595e-3	-8.726352e-4
8.224000e1	8.990205e-3	-8.475035e-4
8.228000e1	8.113055e-3	-8.438002e-4
8.232000e1	7.233236e-3	-4.648727e-4
8.236000e1	5.484368e-3	-4.327915e-4
8.240000e1	3.333238e-3	-4.438353e-4
8.244000e1	1.499523e-3	-4.292005e-4
8.248000e1	-1.112885e-3	-4.021293e-4
8.252000e1	-3.719530e-3	-3.782066e-4
8.256000e1	-6.344467e-3	-3.950675e-4
8.260000e1	-9.040746e-3	-3.391454e-4
8.264000e1	-1.164400e-2	-3.648139e-4
8.268000e1	-1.428325e-2	-3.333844e-4
8.272000e1	-1.666399e-2	-2.701631e-4
8.276000e1	-1.864441e-2	-3.047112e-4
8.280000e1	-2.038057e-2	4.037637e-4
8.284000e1	-2.174856e-2	4.564730e-4
8.288000e1	-2.299867e-2	4.810147e-4
8.292000e1	-2.373735e-2	4.631271e-4
8.296000e1	-2.393891e-2	8.831222e-4
8.300000e1	-2.392478e-2	8.604650e-4
8.304000e1	-2.345748e-2	8.767430e-4
8.308000e1	-2.219657e-2	8.721593e-4
8.312000e1	-2.093346e-2	8.922109e-4
8.316000e1	-1.998053e-2	7.821190e-5
8.320000e1	-1.816856e-2	6.306028e-5
8.324000e1	-1.599870e-2	5.402609e-5
8.328000e1	-1.374435e-2	6.273797e-5
8.332000e1	-1.120457e-2	4.247317e-5
8.336000e1	-8.562146e-3	4.214073e-5
8.340000e1	-5.920305e-3	4.071443e-5
8.344000e1	-3.268831e-3	-3.390595e-5
8.348000e1	-6.756160e-4	-4.709973e-6
8.352000e1	1.553128e-3	-2.861929e-5
8.356000e1	3.724849e-3	-3.521990e-5
8.360000e1	5.504527e-3	-2.877345e-5
8.364000e1	7.175816e-3	-4.912375e-5
8.368000e1	8.136488e-3	-5.975500e-5
8.372000e1	8.996691e-3	-1.366281e-5
8.376000e1	9.432207e-3	-2.115089e-5
8.380000e1	9.437953e-3	-1.699141e-5
8.384000e1	9.380103e-3	2.116310e-6
8.388000e1	8.569363e-3	-1.014332e-5
8.392000e1	7.661172e-3	-3.511041e-5
8.396000e1	6.359692e-3	-2.101339e-5
8.400000e1	4.652014e-3	-1.503126e-5
8.404000e1	2.468724e-3	2.367250e-6
8.408000e1	5.762065e-4	1.223440e-5
8.412000e1	-1.941296e-3	3.270407e-5
8.416000e1	-4.253928e-3	5.604399e-5
8.420000e1	-6.887443e-3	6.460452e-5
8.424000e1	-9.487823e-3	8.115805e-5
8.428000e1	-1.210884e-2	7.419608e-5
8.432000e1	-1.438584e-2	8.724801e-5
8.436000e1	-1.651558e-2	6.387069e-5
8.440000e1	-1.869766e-2	1.503402e-4
8.444000e1	-2.037854e-2	4.551072e-4
8.448000e1	-2.174001e-2	8.517841e-4
8.452000e1	-2.264644e-2	8.375632e-4
8.456000e1	-2.340983e-2	8.763413e-4
8.460000e1	-2.351603e-2	9.057799e-4
8.464000e1	-2.343220e-2	9.463430e-4
8.468000e1	-2.295520e-2	8.746795e-4
8.472000e1	-2.207020e-2	8.440833e-4
8.476000e1	-2.080739e-2	4.620387e-4
8.480000e1	-1.909600e-2	4.802493e-4
8.484000e1	-1.730590e-2	4.537491e-4
8.488000e1	-1.514388e-2	4.558495e-4
8.492000e1	-1.259019e-2	4.278020e-4
8.496000e1	-9.915631e-3	4.370121e-4
8.500000e1	-7.660653e-3	4.339287e-4
8.504000e1	-5.032409e-3	3.869916e-4
8.508000e1	-2.449197e-3	3.998082e-4
8.512000e1	-2.163865e-4	3.971564e-4
8.516000e1	1.971118e-3	3.887794e-4
8.520000e1	3.735789e-3	-4.290514e-4
8.524000e1	5.468587e-3	-4.286156e-4
8.528000e1	7.211814e-3	-4.390065e-4
8.532000e1	8.115117e-3	-4.535301e-4
8.536000e1	8.989232e-3	-4.322702e-4
8.540000e1	9.012129e-3	-4.510307e-4
8.544000e1	9.009415e-3	-4.503384e-4
8.548000e1	8.960366e-3	-4.209979e-4
8.552000e1	8.056554e-3	-4.266046e-4
8.556000e1	6.810242e-3	-4.288566e-4
8.560000e1	5.061802e-3	-4.325204e-4
8.564000e1	3.301836e-3	-3.874534e-4
8.568000e1	1.115792e-3	-3.744778e-4
8.572000e1	-1.083797e-3	-1.711430e-5
8.576000e1	-3.298686e-3	1.514653e-5
8.580000e1	-5.910700e-3	9.291368e-6
8.584000e1	-8.540723e-3	4.364329e-4
8.588000e1	-1.077141e-2	4.491391e-4
8.592000e1	-1.337039e-2	4.649911e-4
8.596000e1	-1.558547e-2	4.455450e-4
8.600000e1	-1.778158e-2	4.445358e-4
8.604000e1	-1.955349e-2	4.567047e-4
8.608000e1	-2.124187e-2	4.801602e-4
8.612000e1	-2.217784e-2	4.740086e-4
8.616000e1	-2.301870e-2	4.941394e-4
8.620000e1	-2.343481e-2	5.203842e-4
8.624000e1	-2.344660e-2	8.499778e-4
8.628000e1	-2.300972e-2	8.173506e-4
8.632000e1	-2.213512e-2	8.442560e-4
8.636000e1	-2.083564e-2	4.467744e-4
8.640000e1	-1.949471e-2	4.463393e-4
8.644000e1	-1.738545e-2	4.227160e-4
8.648000e1	-1.553792e-2	4.113190e-4
8.652000e1	-1.300602e-2	4.191735e-4
8.656000e1	-1.069207e-2	3.887169e-4
8.660000e1	-8.154335e-3	4.142746e-4
8.664000e1	-5.885283e-3	3.881433e-4
8.668000e1	-3.695339e-3	3.748840e-4
8.672000e1	-1.100014e-3	3.854924e-4
8.676000e1	6.563516e-4	-4.333138e-4
8.680000e1	2.418979e-3	-4.389118e-4
8.684000e1	4.171755e-3	-4.371938e-4
8.688000e1	5.904458e-3	-4.387268e-4
8.692000e1	6.796918e-3	-4.243932e-4
8.696000e1	7.665384e-3	-4.043670e-4
8.700000e1	8.114677e-3	-4.113470e-4
8.704000e1	8.124847e-3	-3.720473e-4
8.708000e1	7.710056e-3	-3.691702e-4
8.712000e1	7.239816e-3	-4.336117e-4
8.716000e1	6.351506e-3	-4.349735e-4
8.720000e1	5.072687e-3	-4.425526e-4
8.724000e1	3.708945e-3	-4.463583e-4
8.728000e1	1.577433e-3	-3.911034e-4
8.732000e1	-2.041851e-4	-2.928372e-5
8.736000e1	-2.812017e-3	-6.463016e-6
8.740000e1	-5.065427e-3	3.425941e-5
8.744000e1	-7.660383e-3	1.310228e-6
8.748000e1	-9.900560e-3	2.324360e-5
8.752000e1	-1.247516e-2	4.405124e-4
8.756000e1	-1.428300e-2	8.601080e-4
8.760000e1	-1.648186e-2	8.740928e-4
8.764000e1	-1.825929e-2	8.879907e-4
8.768000e1	-1.997781e-2	9.023634e-4
8.772000e1	-2.094157e-2	9.109836e-4
8.776000e1	-2.180950e-2	9.112069e-4
8.780000e1	-2.257648e-2	8.829120e-4
8.784000e1	-2.263690e-2	8.766846e-4
8.788000e1	-2.261674e-2	8.868469e-4
8.792000e1	-2.215591e-2	8.826388e-4
8.796000e1	-2.166519e-2	8.947006e-4
8.800000e1	-2.040106e-2	8.856195e-4
8.804000e1	-1.867762e-2	8.786876e-4
8.808000e1	-1.690397e-2	8.625557e-4
8.812000e1	-1.473115e-2	8.343959e-4
8.816000e1	-1.252442e-2	4.564304e-4
8.820000e1	-1.028043e-2	4.343261e-4
8.824000e1	-7.704792e-3	4.099703e-4
8.828000e1	-5.099808e-3	3.557487e-4
8.832000e1	-2.906054e-3	4.152895e-4
8.836000e1	-1.100266e-3	-1.639694e-6
8.840000e1	1.107947e-3	-2.307858e-5
8.844000e1	3.263077e-3	3.571687e-6
8.848000e1	5.008962e-3	1.282842e-5
8.852000e1	6.358745e-3	1.287406e-5
8.856000e1	7.236080e-3	2.120525e-6
8.860000e1	8.082749e-3	1.511318e-5
8.864000e1	8.124955e-3	5.377225e-6
8.868000e1	8.544421e-3	-6.410740e-6
8.872000e1	8.122871e-3	2.035284e-6
8.876000e1	7.668860e-3	-8.895265e-7
8.880000e1	6.781001e-3	-5.863846e-6
8.884000e1	5.869350e-3	-2.539663e-5
8.888000e1	4.092255e-3	-3.192086e-5
8.892000e1	2.363762e-3	-3.052784e-5
8.896000e1	-2.170687e-4	-2.517988e-5
8.900000e1	-2.016993e-3	-1.710697e-6
8.904000e1	-4.591487e-3	-2.258829e-6
8.908000e1	-7.203503e-3	-1.275603e-5
8.912000e1	-9.792288e-3	-3.820393e-5
8.916000e1	-1.207280e-2	1.306989e-5
8.920000e1	-1.427635e-2	4.519930e-5
8.924000e1	-1.638544e-2	6.523754e-5
8.928000e1	-1.817973e-2	4.723325e-5
8.932000e1	-1.959669e-2	6.681870e-5
8.936000e1	-2.083594e-2	9.875092e-5
8.940000e1	-2.176470e-2	1.305565e-4
8.944000e1	-2.225697e-2	1.568001e-4
8.948000e1	-2.259820e-2	1.260540e-4
8.952000e1	-2.253558e-2	1.616924e-4
8.956000e1	-2.214512e-2	1.438218e-4
8.960000e1	-2.130568e-2	1.289988e-4
8.964000e1	-2.027785e-2	1.266139e-4
8.968000e1	-1.872631e-2	8.927100e-5
8.972000e1	-1.724788e-2	6.822648e-5
8.976000e1	-1.517523e-2	9.471302e-5
8.980000e1	-1.294334e-2	-1.688288e-5
8.984000e1	-1.073062e-2	-2.029243e-5
8.988000e1	-8.147651e-3	1.752680e-6
8.992000e1	-5.903309e-3	1.036192e-5
8.996000e1	-3.325262e-3	9.606222e-6
9.000000e1	-1.540730e-3	-7.741546e-4
9.004000e1	6.303883e-4	-7.946762e-4
9.008000e1	2.429199e-3	-7.887768e-4
9.012000e1	4.174791e-3	-8.279915e-4
9.016000e1	6.347197e-3	-8.240293e-4
9.020000e1	7.235793e-3	-8.458572e-4
9.024000e1	7.676003e-3	-8.285712e-4
9.028000e1	8.120307e-3	-8.389521e-4
9.032000e1	8.119873e-3	-8.397196e-4
9.036000e1	8.075080e-3	-8.246835e-4
9.040000e1	7.241698e-3	-8.201465e-4
9.044000e1	6.328322e-3	-7.950620e-4
9.048000e1	5.008950e-3	-8.175864e-4
9.052000e1	3.258068e-3	-8.035850e-4
9.056000e1	1.480295e-3	-7.883173e-4
9.060000e1	-1.096316e-3	-7.869303e-4
9.064000e1	-2.870816e-3	-8.033394e-4
9.068000e1	-5.499951e-3	-4.269339e-4
9.072000e1	-8.063325e-3	-4.199781e-4
9.076000e1	-1.026565e-2	-3.989872e-4
9.080000e1	-1.248961e-2	-3.653290e-4
9.084000e1	-1.426454e-2	-1.569135e-5
9.088000e1	-1.642276e-2	2.634465e-6
9.092000e1	-1.816407e-2	1.374624e-5
9.096000e1	-1.954720e-2	6.024736e-5
9.100000e1	-2.085291e-2	1.111563e-4
9.104000e1	-2.167987e-2	8.079690e-5
9.108000e1	-2.216377e-2	1.086176e-4
9.112000e1	-2.220946e-2	1.076892e-4
9.116000e1	-2.209196e-2	1.046308e-4
9.120000e1	-2.135595e-2	7.671076e-5
9.124000e1	-2.044064e-2	1.244131e-5
9.128000e1	-1.941128e-2	3.354808e-5
9.132000e1	-1.781004e-2	-1.941917e-5
9.136000e1	-1.603405e-2	-3.884257e-5
9.140000e1	-1.417069e-2	-1.609487e-5
9.144000e1	-1.168084e-2	-7.300442e-5
9.148000e1	-9.859116e-3	-4.307797e-4
9.152000e1	-7.274966e-3	-4.508261e-4
9.156000e1	-5.026453e-3	-4.560875e-4
9.160000e1	-2.408037e-3	-8.208771e-4
9.164000e1	-2.499133e-4	-8.163737e-4
9.168000e1	1.578589e-3	-9.339939e-4
9.172000e1	3.313496e-3	-8.923196e-4
9.176000e1	5.042098e-3	-8.745644e-4
9.180000e1	5.920684e-3	-9.013717e-4
9.184000e1	6.809364e-3	-9.026276e-4
9.188000e1	7.247323e-3	-8.826697e-4
9.192000e1	7.641735e-3	-8.602445e-4
9.196000e1	7.241608e-3	-8.816202e-4
9.200000e1	6.777850e-3	-8.729482e-4
9.204000e1	5.898477e-3	-8.388348e-4
9.208000e1	4.175935e-3	-8.740394e-4
9.212000e1	2.425187e-3	-8.320971e-4
9.216000e1	6.560306e-4	-8.219144e-4
9.220000e1	-1.144826e-3	-7.628711e-4
9.224000e1	-3.297173e-3	-8.114598e-4
9.228000e1	-5.918996e-3	-7.988929e-4
9.232000e1	-8.097612e-3	-8.001780e-4
9.236000e1	-1.033759e-2	-7.952071e-4
9.240000e1	-1.251877e-2	-7.936965e-4
9.244000e1	-1.456501e-2	-7.467386e-4
9.248000e1	-1.641916e-2	-7.321629e-4
9.252000e1	-1.804989e-2	-6.005966e-4
9.256000e1	-1.950663e-2	8.981646e-8
9.260000e1	-2.044718e-2	2.520657e-5
9.264000e1	-2.133206e-2	2.735768e-5
9.268000e1	-2.181174e-2	5.779484e-5
9.272000e1	-2.208594e-2	3.646799e-5
9.276000e1	-2.182821e-2	1.308427e-4
9.280000e1	-2.128526e-2	6.728863e-5
9.284000e1	-2.038896e-2	3.033344e-5
9.288000e1	-1.917616e-2	5.234113e-5
9.292000e1	-1.769842e-2	4.138396e-5
9.296000e1	-1.601318e-2	6.574747e-5
9.300000e1	-1.419002e-2	2.313247e-5
9.304000e1	-1.208297e-2	-2.306162e-5
9.308000e1	-9.880865e-3	-2.841431e-6
9.312000e1	-7.655817e-3	-1.658772e-5
9.316000e1	-5.462398e-3	-8.313449e-4
9.320000e1	-3.273431e-3	-8.289439e-4
9.324000e1	-1.128457e-3	-8.308225e-4
9.328000e1	6.708996e-4	-8.446952e-4
9.332000e1	2.418597e-3	-8.598761e-4
9.336000e1	4.157430e-3	-8.616569e-4
9.340000e1	5.486890e-3	-8.590361e-4
9.344000e1	6.352057e-3	-8.598141e-4
9.348000e1	6.795127e-3	-8.643852e-4
9.352000e1	6.803014e-3	-8.515923e-4
9.356000e1	6.792002e-3	-8.442179e-4
9.360000e1	5.917824e-3	-8.267280e-4
9.364000e1	5.035684e-3	-8.184197e-4
9.368000e1	3.312959e-3	-8.415823e-4
9.372000e1	1.966212e-3	-7.698810e-4
9.376000e1	2.146296e-4	-7.943206e-4
9.380000e1	-1.949552e-3	-8.069588e-4
9.384000e1	-4.165611e-3	-8.099756e-4
9.388000e1	-6.378929e-3	-8.155048e-4
9.392000e1	-8.551462e-3	-8.151299e-4
9.396000e1	-1.073949e-2	-8.030838e-4
9.400000e1	-1.291585e-2	-8.045631e-4
9.404000e1	-1.431152e-2	-1.034607e-5
9.408000e1	-1.610159e-2	2.633008e-6
9.412000e1	-1.776795e-2	1.012111e-4
9.416000e1	-1.905344e-2	7.099267e-5
9.420000e1	-2.037214e-2	8.771725e-5
9.424000e1	-2.094018e-2	9.575878e-5
9.428000e1	-2.165768e-2	3.154248e-5
9.432000e1	-2.213244e-2	1.304971e-3
9.436000e1	-2.173495e-2	1.311835e-3
9.440000e1	-2.124545e-2	1.286631e-3
9.444000e1	-1.999228e-2	1.297621e-3
9.448000e1	-1.901743e-2	1.281543e-3
9.452000e1	-1.737077e-2	1.268593e-3
9.456000e1	-1.559373e-2	1.261048e-3
9.460000e1	-1.375300e-2	1.222201e-3
9.464000e1	-1.163638e-2	8.833646e-4
9.468000e1	-9.438177e-3	8.476146e-4
9.472000e1	-7.245074e-3	8.314573e-4
9.476000e1	-4.989171e-3	7.569889e-4
9.480000e1	-2.854908e-3	8.557984e-6
9.484000e1	-1.085207e-3	6.159322e-6
9.488000e1	6.832729e-4	1.591544e-5
9.492000e1	2.420384e-3	-4.747712e-7
9.496000e1	3.739089e-3	1.483238e-5
9.500000e1	5.036386e-3	1.218909e-5
9.504000e1	5.931307e-3	1.173434e-5
9.508000e1	6.343738e-3	4.343000e-6
9.512000e1	6.786789e-3	3.926643e-4
9.516000e1	6.752604e-3	3.802138e-4
9.520000e1	5.933296e-3	3.805042e-4
9.524000e1	5.030645e-3	3.704047e-4
9.528000e1	3.716747e-3	4.009269e-4
9.532000e1	1.974633e-3	4.053939e-4
9.536000e1	2.184167e-4	3.921935e-4
9.540000e1	-1.612306e-3	3.544188e-4
9.544000e1	-4.173082e-3	-4.061368e-4
9.548000e1	-5.506409e-3	4.402370e-4
9.552000e1	-7.700729e-3	4.540497e-4
9.556000e1	-1.030048e-2	4.395394e-4
9.560000e1	-1.247488e-2	4.520877e-4
9.564000e1	-1.426828e-2	4.899054e-4
9.568000e1	-1.605690e-2	4.980419e-4
9.572000e1	-1.774565e-2	4.721883e-4
9.576000e1	-1.910073e-2	4.535611e-4
9.580000e1	-2.034071e-2	4.573869e-4
9.584000e1	-2.118978e-2	4.674628e-4
9.588000e1	-2.133589e-2	4.614668e-4
9.592000e1	-2.134500e-2	4.390062e-4
9.596000e1	-2.128157e-2	4.418556e-4
9.600000e1	-2.048357e-2	4.488885e-4
9.604000e1	-1.955105e-2	4.429582e-4
9.608000e1	-1.859019e-2	4.295639e-4
9.612000e1	-1.689083e-2	5.331713e-5
9.616000e1	-1.511443e-2	2.850854e-5
9.620000e1	-1.333964e-2	7.554605e-6
9.624000e1	-1.121221e-2	1.391997e-5
9.628000e1	-9.021500e-3	4.406987e-5
9.632000e1	-6.825326e-3	-7.073191e-7
9.636000e1	-4.622850e-3	-3.039427e-5
9.640000e1	-2.875425e-3	-8.043249e-4
9.644000e1	-1.099817e-3	-8.099232e-4
9.648000e1	6.625578e-4	-8.585700e-4
9.652000e1	2.395300e-3	-8.737319e-4
9.656000e1	3.739363e-3	-8.645420e-4
9.660000e1	5.056830e-3	-8.587560e-4
9.664000e1	5.929135e-3	-8.452419e-4
9.668000e1	6.354316e-3	-8.570582e-4
9.672000e1	6.794535e-3	-4.624231e-4
9.676000e1	6.759348e-3	-4.564742e-4
9.680000e1	5.945650e-3	-4.305986e-4
9.684000e1	5.030531e-3	-4.326104e-4
9.688000e1	3.731870e-3	-3.848294e-4
9.692000e1	1.958740e-3	-3.534815e-4
9.696000e1	2.161813e-4	-3.508263e-4
9.700000e1	-1.574507e-3	-3.295772e-4
9.704000e1	-3.748505e-3	-3.323876e-4
9.708000e1	-5.939872e-3	-3.594827e-4
9.712000e1	-8.161703e-3	-3.183638e-4
9.716000e1	-1.034560e-2	-3.062227e-4
9.720000e1	-1.250442e-2	-3.026613e-4
9.724000e1	-1.431721e-2	-2.833083e-4
9.728000e1	-1.606612e-2	-2.770943e-4
9.732000e1	-1.763787e-2	-2.275775e-4
9.736000e1	-1.897750e-2	-2.255538e-4
9.740000e1	-1.992165e-2	-2.013209e-4
9.744000e1	-2.039323e-2	1.609392e-5
9.748000e1	-2.085193e-2	2.388567e-5
9.752000e1	-2.086255e-2	3.323732e-5
9.756000e1	-2.050035e-2	5.106862e-5
9.760000e1	-1.999775e-2	4.980669e-5
9.764000e1	-1.910121e-2	2.052328e-5
9.768000e1	-1.784717e-2	5.114885e-5
9.772000e1	-1.645955e-2	1.154955e-5
9.776000e1	-1.479323e-2	3.071508e-5
9.780000e1	-1.293690e-2	-2.757381e-5
9.784000e1	-1.115744e-2	-3.195462e-6
9.788000e1	-8.611234e-3	-2.056909e-5
9.792000e1	-6.762714e-3	-5.665353e-6
9.796000e1	-4.285401e-3	2.987449e-5
9.800000e1	-2.376570e-3	-4.760416e-5
9.804000e1	-6.809144e-4	-7.678045e-4
9.808000e1	1.084772e-3	-7.529032e-4
9.812000e1	2.802328e-3	-8.104879e-4
9.816000e1	4.160684e-3	-8.225794e-4
9.820000e1	5.469929e-3	-8.396499e-4
9.824000e1	6.322975e-3	-8.210113e-4
9.828000e1	6.778358e-3	-8.489433e-4
9.832000e1	6.759562e-3	-8.368761e-4
9.836000e1	6.371515e-3	-8.568967e-4
9.840000e1	5.844421e-3	-7.850809e-4
9.844000e1	4.985473e-3	-4.487990e-4
9.848000e1	3.734968e-3	-4.656157e-4
9.852000e1	2.351800e-3	-3.955674e-4
9.856000e1	6.297859e-4	-3.756742e-4
9.860000e1	-1.534083e-3	-4.098359e-4
9.864000e1	-3.731605e-3	-3.913718e-4
9.868000e1	-5.898787e-3	-3.955463e-4
9.872000e1	-8.074169e-3	-3.859822e-4