	mass_A
t	x	y
0.000000e0	-1.028708e-1	1.666990e-2
4.000000e-2	-1.010799e-1	1.579464e-2
8.000000e-2	-9.670530e-2	1.490342e-2
1.200000e-1	-9.015305e-2	1.315968e-2
1.600000e-1	-9.015236e-2	1.315580e-2
2.000000e-1	-8.182513e-2	1.054469e-2
2.400000e-1	-7.128501e-2	8.766453e-3
2.800000e-1	-5.943365e-2	6.159264e-3
3.200000e-1	-4.541225e-2	4.409446e-3
3.600000e-1	-3.092224e-2	2.637952e-3
4.000000e-1	-3.092160e-2	2.640372e-3
4.400000e-1	-1.556695e-2	8.775752e-4
4.800000e-1	2.101942e-4	-8.673047e-4
5.200000e-1	1.556000e-2	-3.894623e-6
5.600000e-1	3.048722e-2	9.009614e-4
6.000000e-1	4.455963e-2	1.777038e-3
6.400000e-1	4.456021e-2	1.788171e-3
6.800000e-1	5.766704e-2	2.590461e-3
7.200000e-1	6.866894e-2	4.353792e-3
7.600000e-1	7.829912e-2	6.111659e-3
8.000000e-1	8.620975e-2	7.042300e-3
8.400000e-1	9.190082e-2	7.904591e-3
8.800000e-1	9.189775e-2	7.904591e-3
9.200000e-1	9.583808e-2	7.910175e-3
9.600000e-1	9.668588e-2	8.329646e-3
1.000000e0	9.453181e-2	8.321132e-3
1.040000e0	9.012101e-2	7.506103e-3
1.080000e0	8.357924e-2	6.618990e-3
1.120000e0	8.358010e-2	6.638045e-3
1.160000e0	7.525355e-2	4.878338e-3
1.200000e0	6.514030e-2	3.099530e-3
1.240000e0	5.329004e-2	2.193835e-3
1.280000e0	3.970338e-2	1.331311e-3
1.320000e0	2.522598e-2	4.500317e-4
1.360000e0	2.522527e-2	4.544460e-4
1.400000e0	1.030694e-2	4.315915e-4
1.440000e0	-4.620206e-3	-4.349216e-4
1.480000e0	-1.994869e-2	1.314355e-3
1.520000e0	-3.446670e-2	3.091305e-3
1.560000e0	-4.850500e-2	4.867040e-3
1.600000e0	-4.851153e-2	4.881610e-3
1.640000e0	-6.119281e-2	6.609273e-3
1.680000e0	-7.258152e-2	8.382016e-3
1.720000e0	-8.223628e-2	1.012892e-2
1.760000e0	-8.970058e-2	1.186170e-2
1.800000e0	-9.497947e-2	1.275683e-2
1.840000e0	-9.498039e-2	1.278054e-2
1.880000e0	-9.848281e-2	1.358402e-2
1.920000e0	-9.934403e-2	1.362208e-2
1.960000e0	-9.759578e-2	1.324912e-2
2.000000e0	-9.361621e-2	1.248723e-2
2.040000e0	-8.747100e-2	1.143735e-2
2.080000e0	-8.745972e-2	1.145251e-2
2.120000e0	-7.918598e-2	9.680642e-3
2.160000e0	-6.909572e-2	7.904705e-3
2.200000e0	-5.767690e-2	6.144364e-3
2.240000e0	-4.452110e-2	4.397030e-3
2.280000e0	-3.048063e-2	2.629166e-3
2.320000e0	-3.047939e-2	2.629588e-3
2.360000e0	-1.558361e-2	8.716264e-4
2.400000e0	-6.670798e-4	-1.344096e-5
2.440000e0	1.381963e-2	2.514760e-6
2.480000e0	2.829028e-2	9.030746e-4
2.520000e0	4.190468e-2	1.801641e-3
2.560000e0	4.190214e-2	1.812316e-3
2.600000e0	5.459295e-2	2.592949e-3
2.640000e0	6.557483e-2	3.481775e-3
2.680000e0	7.437352e-2	5.242509e-3
2.720000e0	8.138366e-2	6.986290e-3
2.760000e0	8.795367e-2	7.030234e-3
2.800000e0	8.794998e-2	7.031835e-3
2.840000e0	9.146043e-2	7.045560e-3
2.880000e0	9.102980e-2	8.319873e-3
2.920000e0	9.057502e-2	7.460338e-3
2.960000e0	8.664043e-2	6.682775e-3
3.000000e0	8.051157e-2	5.775349e-3
3.040000e0	8.051253e-2	5.788425e-3
3.080000e0	7.259443e-2	4.811019e-3
3.120000e0	6.296296e-2	3.076325e-3
3.160000e0	5.155105e-2	2.204219e-3
3.200000e0	3.882515e-2	1.330548e-3
3.240000e0	2.479043e-2	4.500499e-4
3.280000e0	2.479105e-2	4.538000e-4
3.320000e0	1.031561e-2	4.337283e-4
3.360000e0	-4.167072e-3	4.248984e-4
3.400000e0	-1.862816e-2	1.302525e-3
3.440000e0	-3.269097e-2	3.075403e-3
3.480000e0	-4.587615e-2	4.876093e-3
3.520000e0	-4.586466e-2	4.895108e-3
3.560000e0	-5.814519e-2	6.589304e-3
3.600000e0	-6.906657e-2	8.252306e-3
3.640000e0	-7.788196e-2	1.006321e-2
3.680000e0	-8.487656e-2	1.267307e-2
3.720000e0	-9.145796e-2	1.186801e-2
3.760000e0	-9.144982e-2	1.188169e-2
3.800000e0	-9.495061e-2	1.272802e-2
3.840000e0	-9.582905e-2	1.315311e-2
3.880000e0	-9.409770e-2	1.314708e-2
3.920000e0	-9.014723e-2	1.226459e-2
3.960000e0	-8.400039e-2	1.135766e-2
4.000000e0	-8.399381e-2	1.134398e-2
4.040000e0	-7.650498e-2	9.617398e-3
4.080000e0	-6.689898e-2	7.863953e-3
4.120000e0	-5.592389e-2	6.135824e-3
4.160000e0	-4.321905e-2	4.397628e-3
4.200000e0	-3.004042e-2	2.628616e-3
4.240000e0	-3.003858e-2	2.626217e-3
4.280000e0	-1.599673e-2	8.719902e-4
4.320000e0	-1.538843e-3	-4.084044e-6
4.360000e0	1.250776e-2	3.686796e-6
4.400000e0	2.651516e-2	8.833035e-4
4.440000e0	3.967281e-2	1.756568e-3
4.480000e0	3.967696e-2	1.762049e-3
4.520000e0	5.157209e-2	2.639265e-3
4.560000e0	6.206815e-2	3.469034e-3
4.600000e0	7.084654e-2	4.409233e-3
4.640000e0	7.785831e-2	6.135738e-3
4.680000e0	8.225755e-2	7.029213e-3
4.720000e0	8.227162e-2	7.030658e-3
4.760000e0	8.492385e-2	7.868635e-3
4.800000e0	8.708070e-2	7.452633e-3
4.840000e0	8.490015e-2	7.489181e-3
4.880000e0	8.223674e-2	6.620105e-3
4.920000e0	7.662277e-2	5.716320e-3
4.960000e0	7.663056e-2	5.717661e-3
5.000000e0	6.950260e-2	4.018342e-3
5.040000e0	6.030445e-2	3.057419e-3
5.080000e0	4.935781e-2	2.198221e-3
5.120000e0	3.707585e-2	1.329756e-3
5.160000e0	2.390573e-2	1.310243e-3
5.200000e0	2.390554e-2	1.309307e-3
5.240000e0	1.029518e-2	4.414979e-4
5.280000e0	-1.140092e-3	-4.434654e-4
5.320000e0	-1.730735e-2	1.297870e-3
5.360000e0	-3.051115e-2	3.021077e-3
5.400000e0	-4.362152e-2	4.839833e-3
5.440000e0	-4.362294e-2	4.844542e-3
5.480000e0	-5.549750e-2	5.771120e-3
5.520000e0	-6.599930e-2	7.480353e-3
5.560000e0	-7.393182e-2	1.004222e-2
5.600000e0	-8.091661e-2	1.180635e-2
5.640000e0	-8.532471e-2	1.273482e-2
5.680000e0	-8.533539e-2	1.273591e-2
5.720000e0	-8.796387e-2	1.358618e-2
5.760000e0	-9.014621e-2	1.317022e-2
5.800000e0	-8.882397e-2	1.401562e-2
5.840000e0	-8.533506e-2	1.303420e-2
5.880000e0	-8.006358e-2	1.131395e-2
5.920000e0	-8.007416e-2	1.128971e-2
5.960000e0	-7.307179e-2	8.817405e-3
6.000000e0	-6.425942e-2	7.070449e-3
6.040000e0	-5.331804e-2	6.134943e-3
6.080000e0	-4.146878e-2	4.398825e-3
6.120000e0	-2.873712e-2	2.626021e-3
6.160000e0	-2.873900e-2	2.621621e-3
6.200000e0	-1.513777e-2	8.691019e-4
6.240000e0	-1.535308e-3	-1.834759e-5
6.280000e0	1.204701e-2	1.076572e-5
6.320000e0	2.523598e-2	8.798830e-4
6.360000e0	3.794688e-2	1.762987e-3
6.400000e0	3.794586e-2	1.771999e-3
6.440000e0	4.936865e-2	2.588565e-3
6.480000e0	5.985814e-2	3.442364e-3
6.520000e0	6.821607e-2	4.357884e-3
6.560000e0	7.609986e-2	5.238864e-3
6.600000e0	8.135770e-2	6.099756e-3
6.640000e0	8.133855e-2	6.074852e-3
6.680000e0	8.446321e-2	6.154318e-3
6.720000e0	8.531906e-2	6.155515e-3
6.760000e0	8.398604e-2	6.521814e-3
6.800000e0	8.007660e-2	5.715818e-3
6.840000e0	7.434502e-2	4.857142e-3
6.880000e0	7.432981e-2	4.859907e-3
6.920000e0	6.693445e-2	3.903957e-3
6.960000e0	5.813853e-2	3.030971e-3
7.000000e0	4.802204e-2	2.188987e-3
7.040000e0	3.618205e-2	1.330864e-3
7.080000e0	2.346730e-2	1.315822e-3
7.120000e0	2.346601e-2	1.318237e-3
7.160000e0	9.877777e-3	4.338813e-4
7.200000e0	-1.586921e-3	-4.441465e-4
7.240000e0	-1.603160e-2	1.270029e-3
7.280000e0	-2.917681e-2	2.994366e-3
7.320000e0	-4.146006e-2	4.818911e-3
7.360000e0	-4.146656e-2	4.822492e-3
7.400000e0	-5.287098e-2	5.781546e-3
7.440000e0	-6.292818e-2	7.452146e-3
7.480000e0	-7.126377e-2	9.158715e-3
7.520000e0	-7.743945e-2	1.093879e-2
7.560000e0	-8.225170e-2	1.266065e-2
7.600000e0	-8.225971e-2	1.263030e-2
7.640000e0	-8.531592e-2	1.355554e-2
7.680000e0	-8.620218e-2	1.360564e-2
7.720000e0	-8.490150e-2	1.313526e-2
7.760000e0	-8.183905e-2	1.218254e-2
7.800000e0	-7.700685e-2	1.042698e-2
7.840000e0	-7.702227e-2	1.037655e-2
7.880000e0	-7.001509e-2	8.735583e-3
7.920000e0	-6.162296e-2	7.021329e-3
7.960000e0	-5.112142e-2	5.290501e-3
8.000000e0	-3.971419e-2	4.374305e-3
8.040000e0	-2.743369e-2	2.618927e-3
8.080000e0	-2.743782e-2	2.615043e-3
8.120000e0	-1.468557e-2	8.766560e-4
8.160000e0	-1.536699e-3	-1.745585e-5
8.200000e0	1.120024e-2	-7.717096e-7
8.240000e0	2.431453e-2	8.902122e-4
8.280000e0	3.658693e-2	1.746833e-3
8.320000e0	3.658371e-2	1.746208e-3
8.360000e0	4.721142e-2	2.574138e-3
8.400000e0	5.723339e-2	2.632734e-3
8.440000e0	6.515406e-2	4.330921e-3
8.480000e0	7.173047e-2	5.210940e-3
8.520000e0	7.742664e-2	6.116781e-3
8.560000e0	7.741903e-2	6.101583e-3
8.600000e0	8.090795e-2	6.126562e-3
8.640000e0	8.093178e-2	6.161936e-3
8.680000e0	8.006591e-2	5.716139e-3
8.720000e0	7.655568e-2	5.676812e-3
8.760000e0	7.126756e-2	4.791001e-3
8.800000e0	7.126298e-2	4.778636e-3
8.840000e0	6.427543e-2	3.902963e-3
8.880000e0	5.594784e-2	3.039828e-3
8.920000e0	4.585846e-2	2.191114e-3
8.960000e0	3.486886e-2	1.329580e-3
9.000000e0	2.258920e-2	4.528636e-4
9.040000e0	2.258829e-2	4.582031e-4
9.080000e0	9.866300e-3	4.349712e-4
9.120000e0	-2.857004e-3	-4.317520e-4
9.160000e0	-1.557554e-2	1.268396e-3
9.200000e0	-2.825728e-2	2.989502e-3
9.240000e0	-3.973739e-2	4.769740e-3
9.280000e0	-3.974594e-2	4.758072e-3
9.320000e0	-5.069501e-2	5.759325e-3
9.360000e0	-6.073059e-2	6.605086e-3
9.400000e0	-6.865126e-2	8.333985e-3
9.440000e0	-7.478683e-2	1.006325e-2
9.480000e0	-7.961635e-2	1.180642e-2
9.520000e0	-7.961514e-2	1.178433e-2
9.560000e0	-8.225450e-2	1.270579e-2
9.600000e0	-8.356287e-2	1.271673e-2
9.640000e0	-8.267163e-2	1.225133e-2
9.680000e0	-7.919767e-2	1.137964e-2
9.720000e0	-7.439008e-2	9.599258e-3
9.760000e0	-7.438595e-2	9.563399e-3
9.800000e0	-6.781196e-2	7.899897e-3
9.840000e0	-5.944438e-2	6.978946e-3
9.880000e0	-4.978321e-2	5.283358e-3
9.920000e0	-3.881729e-2	3.543457e-3
9.960000e0	-2.699050e-2	2.609851e-3
1.000000e1	-2.699272e-2	2.601271e-3
1.004000e1	-1.469115e-2	8.748707e-4
1.008000e1	-1.987629e-3	-6.756516e-6
1.012000e1	1.030855e-2	1.508926e-6
1.016000e1	2.258863e-2	8.619473e-4
1.020000e1	3.443006e-2	1.689040e-3
1.024000e1	3.443201e-2	1.679769e-3
1.028000e1	4.496125e-2	1.820883e-3
1.032000e1	5.420311e-2	2.629009e-3
1.036000e1	6.249434e-2	3.467909e-3
1.040000e1	6.864676e-2	5.176152e-3
1.044000e1	7.434256e-2	5.244638e-3
1.048000e1	7.433241e-2	5.233454e-3
1.052000e1	7.738482e-2	6.068040e-3
1.056000e1	7.829596e-2	5.712466e-3
1.060000e1	7.696135e-2	5.671790e-3
1.064000e1	7.346084e-2	4.837933e-3
1.068000e1	6.820204e-2	3.960152e-3
1.072000e1	6.818874e-2	3.951273e-3
1.076000e1	6.159934e-2	3.045335e-3
1.080000e1	5.331519e-2	2.213496e-3
1.084000e1	4.366443e-2	2.175131e-3
1.088000e1	3.310175e-2	1.333338e-3
1.092000e1	2.127760e-2	4.515978e-4
1.096000e1	2.127607e-2	4.577124e-4
1.100000e1	8.994988e-3	4.306833e-4
1.104000e1	-3.281013e-3	4.094001e-4
1.108000e1	-1.555558e-2	1.268137e-3
1.112000e1	-2.741315e-2	2.211176e-3
1.116000e1	-3.879796e-2	3.958403e-3
1.120000e1	-3.879635e-2	3.985809e-3
1.124000e1	-4.936173e-2	4.911799e-3
1.128000e1	-5.855801e-2	6.559736e-3
1.132000e1	-6.645920e-2	7.473166e-3
1.136000e1	-7.304023e-2	8.357742e-3
1.140000e1	-7.787454e-2	9.214576e-3
1.144000e1	-7.787081e-2	9.215714e-3
1.148000e1	-8.048575e-2	1.007936e-2
1.152000e1	-8.136478e-2	1.008953e-2
1.156000e1	-8.047036e-2	9.696660e-3
1.160000e1	-7.696046e-2	9.572770e-3
1.164000e1	-7.175512e-2	8.705005e-3
1.168000e1	-7.174781e-2	8.681374e-3
1.172000e1	-6.553139e-2	7.068650e-3
1.176000e1	-5.727876e-2	6.161937e-3
1.180000e1	-4.802877e-2	5.275640e-3
1.184000e1	-3.750011e-2	3.527711e-3
1.188000e1	-2.610626e-2	1.772288e-3
1.192000e1	-2.610618e-2	1.775421e-3
1.196000e1	-1.425973e-2	8.650129e-4
1.200000e1	-2.401657e-3	-6.236235e-6
1.204000e1	9.443390e-3	1.926088e-6
1.208000e1	2.127428e-2	4.147483e-5
1.212000e1	3.262876e-2	9.850497e-4
1.216000e1	3.262260e-2	1.018463e-3
1.220000e1	4.277734e-2	1.800752e-3
1.224000e1	5.196713e-2	2.611870e-3
1.228000e1	5.944747e-2	2.647999e-3
1.232000e1	6.558731e-2	4.362323e-3
1.236000e1	6.909665e-2	4.374487e-3
1.240000e1	6.910611e-2	4.366043e-3
1.244000e1	7.216533e-2	4.429325e-3
1.248000e1	7.347195e-2	4.838823e-3
1.252000e1	7.260033e-2	4.821640e-3
1.256000e1	6.953991e-2	4.017430e-3
1.260000e1	6.512054e-2	3.865962e-3
1.264000e1	6.511989e-2	3.855827e-3
1.268000e1	5.896292e-2	3.023839e-3
1.272000e1	5.111348e-2	2.189854e-3
1.276000e1	4.189071e-2	2.171109e-3
1.280000e1	3.178548e-2	1.325085e-3
1.284000e1	2.038996e-2	4.482653e-4
1.288000e1	2.038881e-2	4.525453e-4
1.292000e1	8.563518e-3	4.225204e-4
1.296000e1	-2.865424e-3	4.131914e-4
1.300000e1	-1.468869e-2	1.261085e-3
1.304000e1	-2.609426e-2	2.166422e-3
1.308000e1	-3.702847e-2	3.910416e-3
1.312000e1	-3.702862e-2	3.904592e-3
1.316000e1	-4.714261e-2	4.914544e-3
1.320000e1	-5.595156e-2	5.756173e-3
1.324000e1	-6.381518e-2	6.641390e-3
1.328000e1	-6.996901e-2	7.521131e-3
1.332000e1	-7.478103e-2	8.363018e-3
1.336000e1	-7.477220e-2	8.381340e-3
1.340000e1	-7.743105e-2	9.181327e-3
1.344000e1	-7.831311e-2	9.208310e-3
1.348000e1	-7.740199e-2	8.857756e-3
1.352000e1	-7.432951e-2	8.749183e-3
1.356000e1	-6.947118e-2	7.907257e-3
1.360000e1	-6.945662e-2	7.912033e-3
1.364000e1	-6.298174e-2	6.998242e-3
1.368000e1	-5.548059e-2	6.118336e-3
1.372000e1	-4.628276e-2	5.236701e-3
1.376000e1	-3.620208e-2	3.523078e-3
1.380000e1	-2.564553e-2	1.783562e-3
1.384000e1	-2.564136e-2	1.790927e-3
1.388000e1	-1.424902e-2	8.656888e-4
1.392000e1	-2.849814e-3	-1.322857e-5
1.396000e1	8.553685e-3	-1.855316e-5
1.400000e1	1.993462e-2	3.148508e-5
1.404000e1	3.051673e-2	9.107973e-4
1.408000e1	3.052283e-2	9.209311e-4
1.412000e1	4.054630e-2	1.795957e-3
1.416000e1	4.892693e-2	1.792275e-3
1.420000e1	5.635420e-2	2.617908e-3
1.424000e1	6.206841e-2	3.493898e-3
1.428000e1	6.689437e-2	4.375987e-3
1.432000e1	6.689446e-2	4.372177e-3
1.436000e1	6.908882e-2	4.391815e-3
1.440000e1	6.996994e-2	4.396361e-3
1.444000e1	6.909120e-2	4.384943e-3
1.448000e1	6.647800e-2	3.972571e-3
1.452000e1	6.247437e-2	3.860285e-3
1.456000e1	6.247305e-2	3.845326e-3
1.460000e1	5.674461e-2	3.030270e-3
1.464000e1	4.933252e-2	2.207012e-3
1.468000e1	4.058411e-2	2.168994e-3
1.472000e1	3.050676e-2	1.315287e-3
1.476000e1	1.994746e-2	4.606042e-4
1.480000e1	1.994544e-2	4.682197e-4
1.484000e1	8.580456e-3	4.383157e-4
1.488000e1	-2.417856e-3	4.129761e-4
1.492000e1	-1.379651e-2	1.283791e-3
1.496000e1	-2.473925e-2	2.157686e-3
1.500000e1	-3.526712e-2	3.120179e-3
1.504000e1	-3.525596e-2	3.141374e-3
1.508000e1	-4.496068e-2	4.828684e-3
1.512000e1	-5.372056e-2	5.699403e-3
1.516000e1	-6.119424e-2	6.608469e-3
1.520000e1	-6.734395e-2	7.479239e-3
1.524000e1	-7.171667e-2	7.573416e-3
1.528000e1	-7.170700e-2	7.628809e-3
1.532000e1	-7.435724e-2	8.346156e-3
1.536000e1	-7.523859e-2	8.366525e-3
1.540000e1	-7.435665e-2	8.037624e-3
1.544000e1	-7.171497e-2	7.993355e-3
1.548000e1	-6.687419e-2	7.096690e-3
1.552000e1	-6.686109e-2	7.133683e-3
1.556000e1	-6.081302e-2	6.174838e-3
1.560000e1	-5.370341e-2	5.307775e-3
1.564000e1	-4.497990e-2	4.403689e-3
1.568000e1	-3.530261e-2	2.684138e-3
1.572000e1	-2.520627e-2	1.774807e-3
1.576000e1	-2.520429e-2	1.778001e-3
1.580000e1	-1.427008e-2	8.557756e-4
1.584000e1	-3.293919e-3	-2.130109e-5
1.588000e1	7.670904e-3	-7.584269e-6
1.592000e1	1.822290e-2	2.622921e-5
1.596000e1	2.870072e-2	8.802569e-4
1.600000e1	2.870389e-2	8.917727e-4
1.604000e1	3.797702e-2	1.049433e-3
1.608000e1	4.631045e-2	1.805067e-3
1.612000e1	5.332307e-2	2.624395e-3
1.616000e1	5.900560e-2	3.478359e-3
1.620000e1	6.295684e-2	4.357561e-3
1.624000e1	6.296443e-2	4.346450e-3
1.628000e1	6.557403e-2	4.362904e-3
1.632000e1	6.646091e-2	4.389347e-3
1.636000e1	6.645515e-2	4.391937e-3
1.640000e1	6.340626e-2	3.936462e-3
1.644000e1	5.945377e-2	3.088811e-3
1.648000e1	5.946215e-2	3.079544e-3
1.652000e1	5.415964e-2	2.241106e-3
1.656000e1	4.716246e-2	2.159506e-3
1.660000e1	3.882991e-2	1.345790e-3
1.664000e1	2.961470e-2	1.322697e-3
1.668000e1	1.950942e-2	4.601430e-4
1.672000e1	1.950886e-2	4.669201e-4
1.676000e1	8.574431e-3	4.349888e-4
1.680000e1	-1.961182e-3	-4.316888e-4
1.684000e1	-1.251411e-2	4.317697e-4
1.688000e1	-2.304658e-2	1.335622e-3
1.692000e1	-3.312825e-2	3.064603e-3
1.696000e1	-3.312932e-2	3.064035e-3
1.700000e1	-4.230940e-2	4.009943e-3
1.704000e1	-5.106156e-2	4.892620e-3
1.708000e1	-5.812235e-2	5.753502e-3
1.712000e1	-6.425412e-2	6.623785e-3
1.716000e1	-6.864890e-2	7.475238e-3
1.720000e1	-6.863967e-2	7.490948e-3
1.724000e1	-7.126394e-2	7.548904e-3
1.728000e1	-7.173988e-2	7.500196e-3
1.732000e1	-7.128493e-2	7.875679e-3
1.736000e1	-6.864232e-2	7.187601e-3
1.740000e1	-6.422578e-2	7.007393e-3
1.744000e1	-6.421129e-2	7.011328e-3
1.748000e1	-5.852721e-2	6.178439e-3
1.752000e1	-5.152800e-2	5.294985e-3
1.756000e1	-4.323309e-2	4.398181e-3
1.760000e1	-3.401685e-2	3.476377e-3
1.764000e1	-2.433612e-2	1.775321e-3
1.768000e1	-2.433472e-2	1.778345e-3
1.772000e1	-1.382834e-2	8.609001e-4
1.776000e1	-3.311353e-3	-7.964745e-6
1.780000e1	7.210792e-3	-1.589546e-5
1.784000e1	1.731750e-2	3.697687e-5
1.788000e1	2.701297e-2	8.893269e-4
1.792000e1	2.701946e-2	8.999156e-4
1.796000e1	3.614758e-2	1.019991e-3
1.800000e1	4.448149e-2	1.815759e-3
1.804000e1	5.111150e-2	1.824545e-3
1.808000e1	5.636548e-2	2.613182e-3
1.812000e1	6.119142e-2	3.492150e-3
1.816000e1	6.119153e-2	3.488088e-3
1.820000e1	6.338518e-2	3.515306e-3
1.824000e1	6.426805e-2	3.537269e-3
1.828000e1	6.337978e-2	3.125796e-3
1.832000e1	6.119049e-2	3.087933e-3
1.836000e1	5.721893e-2	2.268560e-3
1.840000e1	5.721349e-2	2.280946e-3
1.844000e1	5.197934e-2	2.185441e-3
1.848000e1	4.537485e-2	2.150732e-3
1.852000e1	3.747976e-2	1.349645e-3
1.856000e1	2.831348e-2	1.306539e-3
1.860000e1	1.864403e-2	4.412338e-4
1.864000e1	1.864094e-2	4.432386e-4
1.868000e1	8.548518e-3	4.246968e-4
1.872000e1	-1.552555e-3	3.936615e-4
1.876000e1	-1.164086e-2	4.305250e-4
1.880000e1	-2.171436e-2	1.362409e-3
1.884000e1	-3.137282e-2	2.997266e-3
1.888000e1	-3.137861e-2	2.971698e-3
1.892000e1	-4.015492e-2	3.994017e-3
1.896000e1	-4.845299e-2	4.870702e-3
1.900000e1	-5.546920e-2	5.733594e-3
1.904000e1	-6.118729e-2	6.575946e-3
1.908000e1	-6.554704e-2	6.646440e-3
1.912000e1	-6.552712e-2	6.670338e-3
1.916000e1	-6.777901e-2	7.448881e-3
1.920000e1	-6.908193e-2	7.459830e-3
1.924000e1	-6.817469e-2	7.113528e-3
1.928000e1	-6.559023e-2	7.056799e-3
1.932000e1	-6.161704e-2	6.220376e-3
1.936000e1	-6.161602e-2	6.250354e-3
1.940000e1	-5.595809e-2	6.094078e-3
1.944000e1	-4.935167e-2	5.266470e-3
1.948000e1	-4.144940e-2	4.374865e-3
1.952000e1	-3.269426e-2	2.681908e-3
1.956000e1	-2.345593e-2	1.771802e-3
1.960000e1	-2.345376e-2	1.775074e-3
1.964000e1	-1.341218e-2	8.587006e-4
1.968000e1	-3.714063e-3	-1.217895e-6
1.972000e1	6.345479e-3	-6.838582e-6
1.976000e1	1.604021e-2	3.203150e-6
1.980000e1	2.563789e-2	8.970914e-4
1.984000e1	2.563355e-2	9.156424e-4
1.988000e1	3.407538e-2	9.867548e-4
1.992000e1	4.188570e-2	9.977474e-4
1.996000e1	4.805392e-2	9.543650e-4
2.000000e1	5.288549e-2	1.756735e-3
2.004000e1	5.724367e-2	2.621307e-3
2.008000e1	5.724689e-2	2.619090e-3
2.012000e1	6.031041e-2	3.491830e-3
2.016000e1	6.118669e-2	3.499974e-3
2.020000e1	6.033008e-2	3.477097e-3
2.024000e1	5.811634e-2	3.068335e-3
2.028000e1	5.418554e-2	2.245610e-3
2.032000e1	5.418573e-2	2.252880e-3
2.036000e1	4.936572e-2	2.177912e-3
2.040000e1	4.277748e-2	2.175389e-3
2.044000e1	3.532124e-2	1.342840e-3
2.048000e1	2.696334e-2	1.298900e-3
2.052000e1	1.735695e-2	4.519015e-4
2.056000e1	1.736253e-2	4.574385e-4
2.060000e1	7.704796e-3	4.202530e-4
2.064000e1	-1.976950e-3	3.983356e-4
2.068000e1	-1.162072e-2	4.397304e-4
2.072000e1	-2.125302e-2	1.316362e-3
2.076000e1	-3.047462e-2	3.001155e-3
2.080000e1	-3.046926e-2	2.975423e-3
2.084000e1	-3.882670e-2	3.933520e-3
2.088000e1	-4.629088e-2	4.827798e-3
2.092000e1	-5.329262e-2	5.714451e-3
2.096000e1	-5.857833e-2	5.767309e-3
2.100000e1	-6.292552e-2	6.609912e-3
2.104000e1	-6.291240e-2	6.621846e-3
2.108000e1	-6.516791e-2	6.653083e-3
2.112000e1	-6.602191e-2	6.661062e-3
2.116000e1	-6.554869e-2	7.009177e-3
2.120000e1	-6.294500e-2	6.988549e-3
2.124000e1	-5.896012e-2	6.217412e-3
2.128000e1	-5.894838e-2	6.228423e-3
2.132000e1	-5.333354e-2	5.303690e-3
2.136000e1	-4.711423e-2	4.441137e-3
2.140000e1	-3.965433e-2	3.546632e-3
2.144000e1	-3.132351e-2	2.655612e-3
2.148000e1	-2.217438e-2	1.733734e-3
2.152000e1	-2.217562e-2	1.723939e-3
2.156000e1	-1.293474e-2	8.509206e-4
2.160000e1	-3.290757e-3	-3.688151e-6
2.164000e1	5.965720e-3	-6.068958e-6
2.168000e1	1.552851e-2	7.864624e-6
2.172000e1	2.436841e-2	8.546506e-4
2.176000e1	2.438631e-2	8.485479e-4
2.180000e1	3.265844e-2	1.020567e-3
2.184000e1	4.010809e-2	9.868226e-4
2.188000e1	4.586984e-2	9.594432e-4
2.192000e1	5.067695e-2	1.755210e-3
2.196000e1	5.415983e-2	1.754703e-3
2.200000e1	5.416794e-2	1.753998e-3
2.204000e1	5.595848e-2	1.789204e-3
2.208000e1	5.724956e-2	2.618277e-3
2.212000e1	5.636246e-2	2.220705e-3
2.216000e1	5.463513e-2	2.170622e-3
2.220000e1	5.115152e-2	2.173421e-3
2.224000e1	5.115632e-2	2.172377e-3
2.228000e1	4.630711e-2	2.183387e-3
2.232000e1	4.017424e-2	1.366970e-3
2.236000e1	3.308950e-2	1.338739e-3
2.240000e1	2.477680e-2	4.629298e-4
2.244000e1	1.598783e-2	4.476672e-4
2.248000e1	1.598638e-2	4.500112e-4
2.252000e1	6.789560e-3	4.194584e-4
2.256000e1	-2.439321e-3	3.987860e-4
2.260000e1	-1.164561e-2	4.089542e-4
2.264000e1	-2.081126e-2	1.324385e-3
2.268000e1	-2.922360e-2	2.228799e-3
2.272000e1	-2.923424e-2	2.242878e-3
2.276000e1	-3.747954e-2	3.151323e-3
2.280000e1	-4.493931e-2	3.976991e-3
2.284000e1	-5.111562e-2	4.846298e-3
2.288000e1	-5.638480e-2	5.698251e-3
2.292000e1	-5.989765e-2	5.751580e-3
2.296000e1	-5.989582e-2	5.770131e-3
2.300000e1	-6.208841e-2	5.750440e-3
2.304000e1	-6.290147e-2	5.779875e-3
2.308000e1	-6.207469e-2	6.115600e-3
2.312000e1	-5.982213e-2	6.134076e-3
2.316000e1	-5.590955e-2	5.350951e-3
2.320000e1	-5.589518e-2	5.364797e-3
2.324000e1	-5.066701e-2	4.469435e-3
2.328000e1	-4.452329e-2	4.383040e-3
2.332000e1	-3.709719e-2	3.486018e-3
2.336000e1	-2.919288e-2	2.592183e-3
2.340000e1	-2.042524e-2	1.716032e-3
2.344000e1	-2.042773e-2	1.700508e-3
2.348000e1	-1.161909e-2	8.476296e-4
2.352000e1	-2.427897e-3	-1.589693e-5
2.356000e1	6.389670e-3	-1.052146e-5
2.360000e1	1.518128e-2	4.637467e-6
2.364000e1	2.386913e-2	8.248094e-5
2.368000e1	2.386523e-2	9.824854e-5
2.372000e1	3.174672e-2	9.744006e-4
2.376000e1	3.878780e-2	9.909048e-4
2.380000e1	4.411072e-2	9.186068e-4
2.384000e1	4.849513e-2	1.755537e-3
2.388000e1	5.241409e-2	1.766749e-3
2.392000e1	5.241519e-2	1.771654e-3
2.396000e1	5.460128e-2	1.778916e-3
2.400000e1	5.462852e-2	1.771047e-3
2.404000e1	5.418666e-2	1.765253e-3
2.408000e1	5.198947e-2	1.404281e-3
2.412000e1	4.852002e-2	1.323081e-3
2.416000e1	4.852224e-2	1.330824e-3
2.420000e1	4.370575e-2	1.300574e-3
2.424000e1	3.794706e-2	1.318959e-3
2.428000e1	3.094177e-2	1.297628e-3
2.432000e1	2.303617e-2	4.619757e-4
2.436000e1	1.470694e-2	4.313643e-4
2.440000e1	1.470972e-2	4.270743e-4
2.444000e1	5.916945e-3	4.032662e-4
2.448000e1	-2.874264e-3	4.010049e-4
2.452000e1	-1.164504e-2	4.187312e-4
2.456000e1	-2.039773e-2	1.301838e-3
2.460000e1	-2.871225e-2	2.234271e-3
2.464000e1	-2.870621e-2	2.251482e-3
2.468000e1	-3.659154e-2	3.116886e-3
2.472000e1	-4.362401e-2	3.975485e-3
2.476000e1	-4.936532e-2	4.831135e-3
2.480000e1	-5.417279e-2	4.893608e-3
2.484000e1	-5.767877e-2	5.718692e-3
2.488000e1	-5.765791e-2	5.739037e-3
2.492000e1	-5.984779e-2	5.790913e-3
2.496000e1	-6.031635e-2	5.720043e-3
2.500000e1	-5.985161e-2	6.104923e-3
2.504000e1	-5.726736e-2	6.084430e-3
2.508000e1	-5.366744e-2	5.331957e-3
2.512000e1	-5.364866e-2	5.359296e-3
2.516000e1	-4.852096e-2	4.444858e-3
2.520000e1	-4.274085e-2	4.348434e-3
2.524000e1	-3.577063e-2	3.480348e-3
2.528000e1	-2.829259e-2	2.579327e-3
2.532000e1	-1.998332e-2	1.703960e-3
2.536000e1	-1.998461e-2	1.680994e-3
2.540000e1	-1.159740e-2	8.463425e-4
2.544000e1	-2.845019e-3	-6.327520e-6
2.548000e1	5.883614e-3	-1.628332e-5
2.552000e1	1.423796e-2	-4.090027e-6
2.556000e1	2.217601e-2	5.769353e-5
2.560000e1	2.218316e-2	8.259923e-5
2.564000e1	2.965234e-2	9.062984e-4
2.568000e1	3.620634e-2	9.599160e-4
2.572000e1	4.148678e-2	9.253491e-4
2.576000e1	4.586719e-2	1.766256e-3
2.580000e1	4.933643e-2	1.754805e-3
2.584000e1	4.934010e-2	1.756473e-3
2.588000e1	5.112270e-2	1.763227e-3
2.592000e1	5.198217e-2	1.782586e-3
2.596000e1	5.152158e-2	1.778983e-3
2.600000e1	4.937098e-2	1.376249e-3
2.604000e1	4.634313e-2	1.358885e-3
2.608000e1	4.635501e-2	1.363785e-3
2.612000e1	4.195105e-2	1.339901e-3
2.616000e1	3.660582e-2	1.353371e-3
2.620000e1	3.004161e-2	1.298518e-3
2.624000e1	2.257142e-2	4.619447e-4
2.628000e1	1.468495e-2	4.278816e-4
2.632000e1	1.468400e-2	4.221903e-4
2.636000e1	6.347992e-3	4.157254e-4
2.640000e1	-2.002291e-3	3.953340e-4
2.644000e1	-1.033816e-2	4.083932e-4
2.648000e1	-1.864206e-2	1.254704e-3
2.652000e1	-2.652827e-2	2.155795e-3
2.656000e1	-2.652867e-2	2.142973e-3
2.660000e1	-3.398894e-2	3.075305e-3
2.664000e1	-4.057352e-2	3.947212e-3
2.668000e1	-4.628682e-2	3.993383e-3
2.672000e1	-5.111311e-2	4.844350e-3
2.676000e1	-5.460997e-2	4.891427e-3
2.680000e1	-5.460071e-2	4.919843e-3
2.684000e1	-5.639183e-2	4.892800e-3
2.688000e1	-5.723041e-2	4.885708e-3
2.692000e1	-5.678726e-2	5.246775e-3
2.696000e1	-5.460622e-2	5.251885e-3
2.700000e1	-5.113017e-2	5.206459e-3
2.704000e1	-5.112882e-2	5.207045e-3
2.708000e1	-4.672314e-2	4.368750e-3
2.712000e1	-4.103606e-2	3.556854e-3
2.716000e1	-3.447433e-2	2.707997e-3
2.720000e1	-2.738889e-2	1.811224e-3
2.724000e1	-1.954207e-2	9.295350e-4
2.728000e1	-1.954556e-2	9.483911e-4
2.732000e1	-1.122775e-2	2.473798e-5
2.736000e1	-3.296318e-3	-2.082679e-5
2.740000e1	4.992262e-3	-1.436658e-5
2.744000e1	1.294727e-2	7.033700e-6
2.748000e1	2.045540e-2	7.323127e-5
2.752000e1	2.046235e-2	1.053607e-4
2.756000e1	2.749392e-2	1.604137e-4
2.760000e1	3.394179e-2	1.811786e-4
2.764000e1	3.923880e-2	9.152489e-4
2.768000e1	4.363581e-2	8.794219e-4
2.772000e1	4.632183e-2	9.059378e-4
2.776000e1	4.634137e-2	9.191807e-4
2.780000e1	4.805999e-2	8.991243e-4
2.784000e1	4.934604e-2	1.314961e-3
2.788000e1	4.889662e-2	1.319543e-3
2.792000e1	4.714107e-2	1.309352e-3
2.796000e1	4.411524e-2	1.275859e-3
2.800000e1	4.411607e-2	1.274400e-3
2.804000e1	4.013560e-2	1.323073e-3
2.808000e1	3.493109e-2	1.308052e-3
2.812000e1	2.871719e-2	5.133261e-4
2.816000e1	2.170364e-2	4.583411e-4
2.820000e1	1.423508e-2	4.249101e-4
2.824000e1	1.423213e-2	4.185563e-4
2.828000e1	6.372858e-3	4.007708e-4
2.832000e1	-1.563414e-3	4.130136e-4
2.836000e1	-9.483403e-3	4.069496e-4
2.840000e1	-1.736980e-2	1.245694e-3
2.844000e1	-2.484128e-2	2.103604e-3
2.848000e1	-2.485415e-2	2.063987e-3
2.852000e1	-3.180732e-2	3.023598e-3
2.856000e1	-3.795551e-2	3.927006e-3
2.860000e1	-4.406742e-2	4.805003e-3
2.864000e1	-4.847018e-2	4.844323e-3
2.868000e1	-5.196922e-2	5.685418e-3
2.872000e1	-5.196207e-2	5.685952e-3
2.876000e1	-5.373923e-2	5.699540e-3
2.880000e1	-5.418295e-2	5.716892e-3
2.884000e1	-5.373492e-2	5.750928e-3
2.888000e1	-5.198353e-2	5.341073e-3
2.892000e1	-4.890461e-2	5.197416e-3
2.896000e1	-4.889327e-2	5.204359e-3
2.900000e1	-4.454879e-2	4.441118e-3
2.904000e1	-3.928193e-2	3.571407e-3
2.908000e1	-3.314856e-2	2.721786e-3
2.912000e1	-2.616726e-2	1.819390e-3
2.916000e1	-1.906835e-2	9.244547e-4
2.920000e1	-1.906967e-2	9.385510e-4
2.924000e1	-1.163341e-2	8.425243e-4
2.928000e1	-3.719618e-3	4.892124e-6
2.932000e1	4.129101e-3	-1.126120e-5
2.936000e1	1.163452e-2	-2.359887e-5
2.940000e1	1.903410e-2	3.059107e-5
2.944000e1	1.902988e-2	3.831298e-5
2.948000e1	2.572009e-2	1.440597e-4
2.952000e1	3.181522e-2	9.148863e-4
2.956000e1	3.708554e-2	8.996937e-4
2.960000e1	4.100804e-2	9.035856e-4
2.964000e1	4.452632e-2	1.738684e-3
2.968000e1	4.452545e-2	1.732467e-3
2.972000e1	4.629615e-2	1.749461e-3
2.976000e1	4.717473e-2	1.768592e-3
2.980000e1	4.629226e-2	1.326957e-3
2.984000e1	4.456482e-2	1.335977e-3
2.988000e1	4.230397e-2	1.305735e-3
2.992000e1	4.229948e-2	1.311338e-3
2.996000e1	3.841905e-2	1.290702e-3
3.000000e1	3.353363e-2	1.289042e-3
3.004000e1	2.782463e-2	1.294904e-3
3.008000e1	2.088231e-2	4.273700e-4
3.012000e1	1.384011e-2	4.109517e-4
3.016000e1	1.384485e-2	3.999525e-4
3.020000e1	6.391171e-3	4.080944e-4
3.024000e1	-1.142599e-3	4.024839e-4
3.028000e1	-8.938720e-3	4.304799e-4
3.032000e1	-1.639461e-2	1.270720e-3
3.036000e1	-2.350241e-2	2.131115e-3
3.040000e1	-2.350571e-2	2.110440e-3
3.044000e1	-3.046393e-2	3.002216e-3
3.048000e1	-3.661084e-2	3.101918e-3
3.052000e1	-4.189151e-2	3.948474e-3
3.056000e1	-4.628627e-2	4.803703e-3
3.060000e1	-4.974835e-2	4.871786e-3
3.064000e1	-4.972569e-2	4.887004e-3
3.068000e1	-5.189367e-2	4.904166e-3
3.072000e1	-5.276370e-2	5.265572e-3
3.076000e1	-5.201523e-2	5.271376e-3
3.080000e1	-5.022432e-2	5.209475e-3
3.084000e1	-4.710782e-2	4.456527e-3
3.088000e1	-4.708805e-2	4.474469e-3
3.092000e1	-4.278499e-2	4.358622e-3
3.096000e1	-3.789924e-2	3.526625e-3
3.100000e1	-3.181389e-2	2.695393e-3
3.104000e1	-2.526658e-2	1.771091e-3
3.108000e1	-1.825768e-2	9.003015e-4
3.112000e1	-1.826549e-2	9.015435e-4
3.116000e1	-1.115352e-2	4.965495e-5
3.120000e1	-3.737220e-3	-1.031653e-6
3.124000e1	3.688754e-3	-2.073222e-5
3.128000e1	1.112207e-2	-6.839372e-6
3.132000e1	1.777305e-2	3.687416e-5
3.136000e1	1.777968e-2	4.765109e-5
3.140000e1	2.432980e-2	9.187139e-5
3.144000e1	3.002118e-2	1.190228e-4
3.148000e1	3.487074e-2	1.098761e-4
3.152000e1	3.879024e-2	1.165334e-4
3.156000e1	4.144206e-2	9.483108e-5
3.160000e1	4.144368e-2	1.234617e-4
3.164000e1	4.406608e-2	8.807476e-4
3.168000e1	4.452222e-2	8.574124e-4
3.172000e1	4.409120e-2	8.531611e-4
3.176000e1	4.273478e-2	5.139894e-4
3.180000e1	4.010964e-2	5.359400e-4
3.184000e1	4.010094e-2	5.593442e-4
3.188000e1	3.622888e-2	4.912898e-4
3.192000e1	3.141756e-2	4.754978e-4
3.196000e1	2.605058e-2	4.622157e-4
3.200000e1	1.991568e-2	4.415260e-4
3.204000e1	1.301298e-2	4.074092e-4
3.208000e1	1.302047e-2	3.960878e-4
3.212000e1	5.957108e-3	3.933323e-4
3.216000e1	-1.139892e-3	4.032749e-4
3.220000e1	-8.502010e-3	4.377671e-4
3.224000e1	-1.556321e-2	1.254827e-3
3.228000e1	-2.216199e-2	1.327595e-3
3.232000e1	-2.216033e-2	1.328530e-3
3.236000e1	-2.872879e-2	2.179577e-3
3.240000e1	-3.483132e-2	3.057367e-3
3.244000e1	-3.971228e-2	3.922253e-3
3.248000e1	-4.405789e-2	3.962856e-3
3.252000e1	-4.711083e-2	4.036758e-3
3.256000e1	-4.709172e-2	4.060032e-3
3.260000e1	-4.933266e-2	4.781868e-3
3.264000e1	-5.017255e-2	4.784854e-3
3.268000e1	-4.964003e-2	4.478404e-3
3.272000e1	-4.791761e-2	4.436515e-3
3.276000e1	-4.495652e-2	4.384624e-3
3.280000e1	-4.494317e-2	4.401073e-3
3.284000e1	-4.098643e-2	3.542222e-3
3.288000e1	-3.615497e-2	3.439441e-3
3.292000e1	-3.050322e-2	2.631080e-3
3.296000e1	-2.436362e-2	1.788671e-3
3.300000e1	-1.775116e-2	9.348407e-4
3.304000e1	-1.774696e-2	9.490952e-4
3.308000e1	-1.077436e-2	2.558149e-5
3.312000e1	-4.116889e-3	2.668787e-5
3.316000e1	3.230458e-3	-2.062489e-6
3.320000e1	9.905175e-3	-1.365425e-5
3.324000e1	1.647368e-2	-8.987198e-6
3.328000e1	1.648522e-2	-4.881326e-6
3.332000e1	2.255936e-2	6.139255e-5
3.336000e1	2.788329e-2	9.866059e-5
3.340000e1	3.268536e-2	1.036035e-4
3.344000e1	3.624132e-2	9.585318e-5
3.348000e1	3.885460e-2	9.007878e-4
3.352000e1	3.887079e-2	9.212897e-4
3.356000e1	4.057642e-2	8.973475e-4
3.360000e1	4.146353e-2	8.847556e-4
3.364000e1	4.104045e-2	8.775870e-4
3.368000e1	4.011810e-2	1.286504e-3
3.372000e1	3.751984e-2	1.278390e-3
3.376000e1	3.752490e-2	1.280709e-3
3.380000e1	3.403647e-2	1.290997e-3
3.384000e1	2.963752e-2	1.273712e-3
3.388000e1	2.435991e-2	1.255418e-3
3.392000e1	1.823826e-2	4.423794e-4
3.396000e1	1.205581e-2	4.179587e-4
3.400000e1	1.205661e-2	4.070973e-4
3.404000e1	5.409589e-3	4.112690e-4
3.408000e1	-1.490221e-3	4.151147e-4
3.412000e1	-8.150478e-3	4.232310e-4
3.416000e1	-1.511386e-2	1.258585e-3
3.420000e1	-2.129118e-2	1.321122e-3
3.424000e1	-2.129104e-2	1.317330e-3
3.428000e1	-2.741245e-2	2.193885e-3
3.432000e1	-3.309643e-2	3.040501e-3
3.436000e1	-3.791982e-2	3.088975e-3
3.440000e1	-4.188289e-2	3.927805e-3
3.444000e1	-4.453977e-2	3.979583e-3
3.448000e1	-4.453017e-2	3.983877e-3
3.452000e1	-4.666181e-2	3.994511e-3
3.456000e1	-4.717236e-2	3.989482e-3
3.460000e1	-4.671118e-2	3.981926e-3
3.464000e1	-4.535897e-2	4.307733e-3
3.468000e1	-4.267596e-2	3.621699e-3
3.472000e1	-4.264421e-2	3.619341e-3
3.476000e1	-3.881998e-2	3.463700e-3
3.480000e1	-3.441198e-2	2.699376e-3
3.484000e1	-2.921859e-2	2.547458e-3
3.488000e1	-2.344020e-2	1.756615e-3
3.492000e1	-1.728601e-2	9.008559e-4
3.496000e1	-1.728069e-2	8.983160e-4
3.500000e1	-1.073665e-2	2.785900e-5
3.504000e1	-4.161513e-3	-1.157915e-5
3.508000e1	2.448471e-3	-1.551615e-6
3.512000e1	9.015753e-3	-3.800569e-5
3.516000e1	1.517081e-2	-8.402211e-7
3.520000e1	1.517721e-2	1.021088e-5
3.524000e1	2.086101e-2	2.356963e-5
3.528000e1	2.606771e-2	8.502865e-5
3.532000e1	3.047763e-2	9.453587e-5
3.536000e1	3.402263e-2	8.742359e-4
3.540000e1	3.749042e-2	8.802193e-4
3.544000e1	3.748764e-2	8.803481e-4
3.548000e1	3.884372e-2	8.889602e-4
3.552000e1	3.967176e-2	9.075770e-4
3.556000e1	3.926223e-2	8.829308e-4
3.560000e1	3.754520e-2	8.724490e-4
3.564000e1	3.527688e-2	4.878375e-4
3.568000e1	3.527388e-2	4.928520e-4
3.572000e1	3.222380e-2	4.735270e-4
3.576000e1	2.788332e-2	4.565742e-4
3.580000e1	2.297310e-2	4.449709e-4
3.584000e1	1.736737e-2	4.013084e-4
3.588000e1	1.125764e-2	4.044363e-4
3.592000e1	1.127134e-2	3.934505e-4
3.596000e1	5.023657e-3	3.958736e-4
3.600000e1	-1.507823e-3	4.047589e-4
3.604000e1	-7.742436e-3	3.978773e-4
3.608000e1	-1.427961e-2	1.256177e-3
3.612000e1	-1.999133e-2	1.278290e-3
3.616000e1	-1.999659e-2	1.263144e-3
3.620000e1	-2.569630e-2	2.135751e-3
3.624000e1	-3.134274e-2	3.031464e-3
3.628000e1	-3.575413e-2	3.095094e-3
3.632000e1	-3.968546e-2	3.905903e-3
3.636000e1	-4.232602e-2	3.946677e-3
3.640000e1	-4.231003e-2	3.947887e-3
3.644000e1	-4.407118e-2	4.009688e-3
3.648000e1	-4.410363e-2	3.990602e-3
3.652000e1	-4.408301e-2	4.343322e-3
3.656000e1	-4.227227e-2	4.295377e-3
3.660000e1	-3.927694e-2	3.555695e-3
3.664000e1	-3.928477e-2	3.558109e-3
3.668000e1	-3.567494e-2	3.502245e-3
3.672000e1	-3.093370e-2	2.641222e-3
3.676000e1	-2.568159e-2	1.793874e-3
3.680000e1	-1.997265e-2	9.521439e-4
3.684000e1	-1.426006e-2	8.421016e-4
3.688000e1	-1.426647e-2	8.226207e-4
3.692000e1	-8.143678e-3	8.177351e-4
3.696000e1	-1.930164e-3	-3.663362e-7
3.700000e1	4.527351e-3	-2.360954e-6
3.704000e1	1.066310e-2	-1.632737e-5
3.708000e1	1.639064e-2	-1.694531e-5
3.712000e1	1.638073e-2	-2.469840e-5
3.716000e1	2.169139e-2	5.835997e-5
3.720000e1	2.650621e-2	5.150064e-5
3.724000e1	3.046422e-2	8.298860e-5
3.728000e1	3.315715e-2	4.000436e-5
3.732000e1	3.533299e-2	4.576272e-5
3.736000e1	3.533218e-2	5.928069e-5
3.740000e1	3.663759e-2	2.807846e-5
3.744000e1	3.704476e-2	4.247494e-5
3.748000e1	3.623683e-2	2.721768e-5
3.752000e1	3.487174e-2	4.011525e-4
3.756000e1	3.261446e-2	4.368420e-4
3.760000e1	3.260136e-2	4.540853e-4
3.764000e1	2.915711e-2	4.341543e-4
3.768000e1	2.474885e-2	4.382187e-4
3.772000e1	1.994946e-2	4.195215e-4
3.776000e1	1.463040e-2	4.126391e-4
3.780000e1	8.636560e-3	4.076051e-4
3.784000e1	8.643189e-3	3.933489e-4
3.788000e1	2.784439e-3	4.043711e-4
3.792000e1	-3.345449e-3	4.009874e-4
3.796000e1	-9.419790e-3	4.429448e-4
3.800000e1	-1.553595e-2	1.276002e-3
3.804000e1	-2.086458e-2	1.305904e-3
3.808000e1	-2.086510e-2	1.299377e-3
3.812000e1	-2.611181e-2	2.173009e-3
3.816000e1	-3.091054e-2	2.211713e-3
3.820000e1	-3.487897e-2	3.065347e-3
3.824000e1	-3.836124e-2	3.105401e-3
3.828000e1	-4.013915e-2	3.104554e-3
3.832000e1	-4.013968e-2	3.118313e-3
3.836000e1	-4.146345e-2	3.127102e-3
3.840000e1	-4.147469e-2	3.122869e-3
3.844000e1	-4.101183e-2	3.141600e-3
3.848000e1	-3.969269e-2	3.099073e-3
3.852000e1	-3.705878e-2	3.065354e-3
3.856000e1	-3.705380e-2	3.074663e-3
3.860000e1	-3.358686e-2	3.010777e-3
3.864000e1	-2.920718e-2	2.176727e-3
3.868000e1	-2.479006e-2	2.130381e-3
3.872000e1	-1.947408e-2	1.305239e-3
3.876000e1	-1.380913e-2	4.824753e-4
3.880000e1	-1.380729e-2	4.955207e-4
3.884000e1	-8.098070e-3	4.295590e-4
3.888000e1	-2.037620e-3	4.161064e-4
3.892000e1	3.768050e-3	3.990860e-4
3.896000e1	9.475152e-3	3.903547e-4
3.900000e1	1.508560e-2	3.965964e-4
3.904000e1	1.507025e-2	3.817318e-4
3.908000e1	1.995042e-2	3.999124e-4
3.912000e1	2.433752e-2	4.533449e-4
3.916000e1	2.828578e-2	4.432582e-4
3.920000e1	3.134542e-2	4.345364e-4
3.924000e1	3.314845e-2	4.350657e-4
3.928000e1	3.315312e-2	4.399102e-4
3.932000e1	3.444413e-2	4.633753e-4
3.936000e1	3.485553e-2	4.669024e-4
3.940000e1	3.401448e-2	4.783955e-4
3.944000e1	3.266453e-2	4.775662e-4
3.948000e1	3.008902e-2	8.221368e-4
3.952000e1	3.009071e-2	8.275506e-4
3.956000e1	2.657388e-2	8.320343e-4
3.960000e1	2.260006e-2	3.262261e-5
3.964000e1	1.813810e-2	1.750365e-5
3.968000e1	1.292197e-2	-3.641020e-6
3.972000e1	7.638299e-3	-1.944174e-5
3.976000e1	7.633545e-3	-2.441468e-5
3.980000e1	1.939263e-3	-1.665234e-5
3.984000e1	-3.739847e-3	-4.609587e-6
3.988000e1	-9.407504e-3	1.724779e-5
3.992000e1	-1.509303e-2	8.634251e-4
3.996000e1	-2.041005e-2	1.720677e-3
4.000000e1	-2.041963e-2	1.724678e-3
4.004000e1	-2.521295e-2	1.771019e-3
4.008000e1	-2.963931e-2	2.601452e-3
4.012000e1	-3.356008e-2	3.456457e-3
4.016000e1	-3.662140e-2	3.500156e-3
4.020000e1	-3.839070e-2	3.524619e-3
4.024000e1	-3.838841e-2	3.524594e-3
4.028000e1	-3.926983e-2	3.534364e-3
4.032000e1	-3.927198e-2	3.527352e-3
4.036000e1	-3.881537e-2	3.536538e-3
4.040000e1	-3.746493e-2	3.525441e-3
4.044000e1	-3.482831e-2	3.140178e-3
4.048000e1	-3.483015e-2	3.131235e-3
4.052000e1	-3.139255e-2	2.997370e-3
4.056000e1	-2.742684e-2	2.220283e-3
4.060000e1	-2.300984e-2	2.113723e-3
4.064000e1	-1.781158e-2	1.286060e-3
4.068000e1	-1.251990e-2	4.648931e-4
4.072000e1	-1.253084e-2	4.725592e-4
4.076000e1	-7.186350e-3	4.498541e-4
4.080000e1	-1.544368e-3	4.162337e-4
4.084000e1	4.071521e-3	4.011632e-4
4.088000e1	9.457022e-3	3.823398e-4
4.092000e1	1.460793e-2	4.263946e-4
4.096000e1	1.459614e-2	4.271886e-4
4.100000e1	1.911808e-2	3.937642e-4
4.104000e1	2.306502e-2	4.193768e-4
4.108000e1	2.655709e-2	4.406498e-4
4.112000e1	2.959963e-2	4.555305e-4
4.116000e1	3.137995e-2	4.557263e-4
4.120000e1	3.137741e-2	4.613473e-4
4.124000e1	3.227173e-2	4.416623e-4
4.128000e1	3.265350e-2	4.626407e-4
4.132000e1	3.180587e-2	4.559140e-4
4.136000e1	3.047441e-2	8.363941e-4
4.140000e1	2.826186e-2	8.499847e-4
4.144000e1	2.825485e-2	8.518384e-4
4.148000e1	2.522506e-2	8.549519e-4
4.152000e1	2.132108e-2	8.585248e-4
4.156000e1	1.689176e-2	8.623530e-4
4.160000e1	1.208076e-2	8.576706e-4
4.164000e1	6.824554e-3	8.468953e-4
4.168000e1	6.823830e-3	8.337195e-4
4.172000e1	1.484141e-3	8.600715e-4
4.176000e1	-4.121595e-3	8.392504e-4
4.180000e1	-9.447483e-3	8.604638e-4
4.184000e1	-1.471209e-2	1.679967e-3
4.188000e1	-1.952472e-2	1.723747e-3
4.192000e1	-1.952325e-2	1.705212e-3
4.196000e1	-2.433205e-2	2.567226e-3
4.200000e1	-2.828873e-2	2.608161e-3
4.204000e1	-3.177490e-2	2.657703e-3
4.208000e1	-3.444950e-2	3.488783e-3
4.212000e1	-3.659105e-2	3.508265e-3
4.216000e1	-3.657863e-2	3.499659e-3
4.220000e1	-3.751645e-2	3.543702e-3
4.224000e1	-3.790560e-2	3.546190e-3
4.228000e1	-3.705123e-2	3.525091e-3
4.232000e1	-3.569073e-2	3.469352e-3
4.236000e1	-3.311938e-2	3.045368e-3
4.240000e1	-3.311077e-2	3.043346e-3
4.244000e1	-2.963035e-2	2.255065e-3
4.248000e1	-2.609723e-2	2.227566e-3
4.252000e1	-2.172213e-2	1.376268e-3
4.256000e1	-1.730784e-2	1.306277e-3
4.260000e1	-1.209943e-2	4.827797e-4
4.264000e1	-1.211152e-2	4.861421e-4
4.268000e1	-6.862833e-3	4.228043e-4
4.272000e1	-1.888284e-3	4.297033e-4
4.276000e1	3.407711e-3	4.131375e-4
4.280000e1	8.514875e-3	4.150027e-4
4.284000e1	1.332901e-2	4.040676e-4
4.288000e1	1.332820e-2	3.984690e-4
4.292000e1	1.770195e-2	4.238580e-4
4.296000e1	2.131366e-2	4.120687e-4
4.300000e1	2.479273e-2	4.285677e-4
4.304000e1	2.739508e-2	4.377966e-4
4.308000e1	2.918529e-2	4.312951e-4
4.312000e1	2.917803e-2	4.323748e-4
4.316000e1	3.004455e-2	4.176681e-4
4.320000e1	3.009835e-2	4.510702e-4
4.324000e1	2.956629e-2	4.533212e-4
4.328000e1	2.825515e-2	8.459221e-4
4.332000e1	2.611410e-2	8.373772e-4
4.336000e1	2.610504e-2	8.412660e-4
4.340000e1	2.303631e-2	8.515477e-4
4.344000e1	1.948541e-2	8.662078e-4
4.348000e1	1.549613e-2	8.521560e-4
4.352000e1	1.082804e-2	8.416183e-4
4.356000e1	5.969005e-3	8.113617e-4
4.360000e1	5.980458e-3	7.869681e-4
4.364000e1	1.020357e-3	8.226957e-4
4.368000e1	-4.170617e-3	8.405906e-4
4.372000e1	-9.068445e-3	8.526407e-4
4.376000e1	-1.421030e-2	1.692017e-3
4.380000e1	-1.866351e-2	1.727517e-3
4.384000e1	-1.866299e-2	1.715760e-3
4.388000e1	-2.300131e-2	1.765371e-3
4.392000e1	-2.696271e-2	2.595012e-3
4.396000e1	-3.004135e-2	2.660062e-3
4.400000e1	-3.266464e-2	2.674036e-3
4.404000e1	-3.444342e-2	3.474944e-3
4.408000e1	-3.444245e-2	3.468502e-3
4.412000e1	-3.531839e-2	3.499056e-3
4.416000e1	-3.530970e-2	3.489522e-3
4.420000e1	-3.446766e-2	3.470935e-3
4.424000e1	-3.271811e-2	3.107461e-3
4.428000e1	-3.051134e-2	3.063165e-3
4.432000e1	-3.051043e-2	3.066141e-3
4.436000e1	-2.741370e-2	2.257274e-3
4.440000e1	-2.387066e-2	2.152154e-3
4.444000e1	-1.953374e-2	1.373221e-3
4.448000e1	-1.516370e-2	1.325295e-3
4.452000e1	-1.039671e-2	1.261745e-3
4.456000e1	-1.041617e-2	1.243099e-3
4.460000e1	-5.499687e-3	4.444989e-4
4.464000e1	-6.310326e-4	4.206079e-4
4.468000e1	4.183998e-3	4.274029e-4
4.472000e1	8.931271e-3	4.329079e-4
4.476000e1	1.332704e-2	4.275169e-4
4.480000e1	1.331785e-2	4.247007e-4
4.484000e1	1.732909e-2	4.123007e-4
4.488000e1	2.085074e-2	4.507140e-4
4.492000e1	2.387994e-2	4.576229e-4
4.496000e1	2.607547e-2	4.492265e-4
4.500000e1	2.743762e-2	4.458144e-4
4.504000e1	2.743668e-2	4.437045e-4
4.508000e1	2.825400e-2	4.596862e-4
4.512000e1	2.827302e-2	8.446821e-4
4.516000e1	2.746357e-2	8.376787e-4
4.520000e1	2.605745e-2	8.464316e-4
4.524000e1	2.388838e-2	8.621285e-4
4.528000e1	2.388395e-2	8.597863e-4
4.532000e1	2.087770e-2	8.768917e-4
4.536000e1	1.739916e-2	8.537706e-4
4.540000e1	1.336860e-2	8.629436e-4
4.544000e1	8.985774e-3	8.402194e-4
4.548000e1	4.527382e-3	8.461389e-4
4.552000e1	4.510618e-3	8.430663e-4
4.556000e1	-2.112217e-4	8.435289e-4
4.560000e1	-5.006166e-3	8.522596e-4
4.564000e1	-9.518221e-3	8.332097e-4
4.568000e1	-1.387516e-2	8.466338e-4
4.572000e1	-1.824166e-2	1.718800e-3
4.576000e1	-1.824826e-2	1.708950e-3
4.580000e1	-2.215086e-2	1.768669e-3
4.584000e1	-2.568509e-2	2.579339e-3
4.588000e1	-2.871483e-2	2.630994e-3
4.592000e1	-3.049018e-2	2.655259e-3
4.596000e1	-3.180584e-2	2.668943e-3
4.600000e1	-3.180490e-2	2.674106e-3
4.604000e1	-3.224668e-2	2.675983e-3
4.608000e1	-3.223439e-2	2.667705e-3
4.612000e1	-3.139550e-2	2.635736e-3
4.616000e1	-3.005451e-2	2.640311e-3
4.620000e1	-2.784218e-2	2.230923e-3
4.624000e1	-2.783950e-2	2.235932e-3
4.628000e1	-2.518169e-2	2.189396e-3
4.632000e1	-2.172253e-2	2.111009e-3
4.636000e1	-1.775356e-2	1.344286e-3
4.640000e1	-1.375295e-2	1.301087e-3
4.644000e1	-9.025450e-3	4.636710e-4
4.648000e1	-9.037722e-3	4.607294e-4
4.652000e1	-4.588955e-3	4.473012e-4
4.656000e1	-1.026781e-4	4.196250e-4
4.660000e1	4.528232e-3	4.089656e-4
4.664000e1	8.626245e-3	4.083981e-4
4.668000e1	1.254716e-2	3.965303e-4
4.672000e1	1.255959e-2	3.827463e-4
4.676000e1	1.647322e-2	4.397344e-4
4.680000e1	1.951632e-2	4.423465e-4
4.684000e1	2.215784e-2	4.470598e-4
4.688000e1	2.432637e-2	4.589670e-4
4.692000e1	2.562819e-2	4.600673e-4
4.696000e1	2.562364e-2	4.657574e-4
4.700000e1	2.605059e-2	4.491097e-4
4.704000e1	2.605626e-2	4.845541e-4
4.708000e1	2.528095e-2	4.378589e-4
4.712000e1	2.388763e-2	4.549150e-4
4.716000e1	2.165988e-2	4.366350e-5
4.720000e1	2.164827e-2	5.607207e-5
4.724000e1	1.900453e-2	3.984436e-5
4.728000e1	1.559727e-2	8.777574e-6
4.732000e1	1.194259e-2	3.775340e-5
4.736000e1	8.032959e-3	1.356824e-5
4.740000e1	3.747781e-3	5.765442e-6
4.744000e1	3.745131e-3	8.825180e-6
4.748000e1	-6.904098e-4	2.040509e-6
4.752000e1	-5.084750e-3	8.343522e-4
4.756000e1	-9.437173e-3	8.541450e-4
4.760000e1	-1.342425e-2	8.644530e-4
4.764000e1	-1.734645e-2	8.863253e-4
4.768000e1	-1.734627e-2	9.017494e-4
4.772000e1	-2.124753e-2	1.744246e-3
4.776000e1	-2.434107e-2	1.775902e-3
4.780000e1	-2.695860e-2	1.779846e-3
4.784000e1	-2.874612e-2	1.778259e-3
4.788000e1	-3.048424e-2	2.609964e-3
4.792000e1	-3.047919e-2	2.615838e-3
4.796000e1	-3.092775e-2	2.611716e-3
4.800000e1	-3.093955e-2	2.608862e-3
4.804000e1	-3.011116e-2	2.569204e-3
4.808000e1	-2.872530e-2	2.246701e-3
4.812000e1	-2.692491e-2	2.192997e-3
4.816000e1	-2.691631e-2	2.196828e-3
4.820000e1	-2.431285e-2	2.105973e-3
4.824000e1	-2.084765e-2	1.389795e-3
4.828000e1	-1.740429e-2	1.277313e-3
4.832000e1	-1.378244e-2	1.317716e-3
4.836000e1	-9.787463e-3	1.294608e-3
4.840000e1	-9.778757e-3	1.285991e-3
4.844000e1	-5.456550e-3	4.787214e-4
4.848000e1	-1.149098e-3	4.405211e-4
4.852000e1	2.934143e-3	4.058079e-4
4.856000e1	7.169323e-3	4.172466e-4
4.860000e1	1.111440e-2	4.162102e-4
4.864000e1	1.109177e-2	4.106941e-4
4.868000e1	1.429115e-2	-4.311790e-4
4.872000e1	1.732936e-2	4.205564e-4
4.876000e1	1.994280e-2	4.298132e-4
4.880000e1	2.175654e-2	4.283488e-4
4.884000e1	2.303006e-2	4.250034e-4
4.888000e1	2.304102e-2	4.187698e-4
4.892000e1	2.351285e-2	4.279601e-4
4.896000e1	2.351260e-2	4.347136e-4
4.900000e1	2.302570e-2	4.434822e-4
4.904000e1	2.168243e-2	8.291753e-4
4.908000e1	1.955518e-2	8.177123e-4
4.912000e1	1.954885e-2	8.119622e-4
4.916000e1	1.696837e-2	8.318789e-4
4.920000e1	1.391286e-2	8.537862e-4
4.924000e1	1.070463e-2	8.669310e-4
4.928000e1	6.867243e-3	8.587996e-4
4.932000e1	2.950942e-3	8.589590e-4
4.936000e1	2.958616e-3	8.459007e-4
4.940000e1	-1.107216e-3	8.511624e-4
4.944000e1	-5.093832e-3	8.988511e-4
4.948000e1	-9.372616e-3	9.036489e-4
4.952000e1	-1.333622e-2	1.742080e-3
4.956000e1	-1.687833e-2	1.749862e-3
4.960000e1	-1.687969e-2	1.749364e-3
4.964000e1	-2.030806e-2	1.784804e-3
4.968000e1	-2.304773e-2	2.588849e-3
4.972000e1	-2.560512e-2	2.622930e-3
4.976000e1	-2.738520e-2	2.650592e-3
4.980000e1	-2.832283e-2	2.641765e-3
4.984000e1	-2.832469e-2	2.643947e-3
4.988000e1	-2.915278e-2	2.637149e-3
4.992000e1	-2.911353e-2	2.660864e-3
4.996000e1	-2.824629e-2	2.638373e-3
5.000000e1	-2.659522e-2	2.576657e-3
5.004000e1	-2.469436e-2	2.253758e-3
5.008000e1	-2.468098e-2	2.255688e-3
5.012000e1	-2.213261e-2	2.106173e-3
5.016000e1	-1.907870e-2	2.142282e-3
5.020000e1	-1.560998e-2	2.069498e-3
5.024000e1	-1.201237e-2	1.351421e-3
5.028000e1	-8.121263e-3	1.285526e-3
5.032000e1	-8.114805e-3	1.279791e-3
5.036000e1	-4.174448e-3	1.265966e-3
5.040000e1	-2.022332e-4	4.579414e-4
5.044000e1	3.659231e-3	4.242867e-4
5.048000e1	7.289022e-3	4.488966e-4
5.052000e1	1.077039e-2	4.356427e-4
5.056000e1	1.077688e-2	4.446930e-4
5.060000e1	1.377407e-2	4.221149e-4
5.064000e1	1.684260e-2	4.345898e-4
5.068000e1	1.866032e-2	4.363663e-4
5.072000e1	2.039065e-2	4.411687e-4
5.076000e1	2.131467e-2	4.605418e-4
5.080000e1	2.132529e-2	4.675435e-4
5.084000e1	2.171075e-2	4.427746e-4
5.088000e1	2.135828e-2	4.432992e-4
5.092000e1	2.077334e-2	4.427316e-4
5.096000e1	1.944017e-2	4.431433e-4
5.100000e1	1.737622e-2	4.377327e-4
5.104000e1	1.736703e-2	4.390944e-4
5.108000e1	1.474571e-2	4.545485e-4
5.112000e1	1.198510e-2	4.476731e-4
5.116000e1	8.939974e-3	4.575465e-4
5.120000e1	5.437700e-3	4.620922e-4
5.124000e1	1.593734e-3	4.486850e-4
5.128000e1	1.600853e-3	4.500953e-4
5.132000e1	-1.976387e-3	4.643853e-4
5.136000e1	-5.554803e-3	4.489148e-4
5.140000e1	-9.409445e-3	4.609478e-4
5.144000e1	-1.292700e-2	1.296007e-3
5.148000e1	-1.642168e-2	1.319652e-3
5.152000e1	-1.641555e-2	1.315030e-3
5.156000e1	-1.947937e-2	1.331847e-3
5.160000e1	-2.174069e-2	1.332732e-3
5.164000e1	-2.390837e-2	1.356825e-3
5.168000e1	-2.567323e-2	2.142619e-3
5.172000e1	-2.652905e-2	2.188848e-3
5.176000e1	-2.652739e-2	2.186272e-3
5.180000e1	-2.694644e-2	2.201396e-3
5.184000e1	-2.658536e-2	2.176520e-3
5.188000e1	-2.603903e-2	2.201746e-3
5.192000e1	-2.475577e-2	2.153555e-3
5.196000e1	-2.261654e-2	1.774772e-3
5.200000e1	-2.262519e-2	1.772144e-3
5.204000e1	-2.037831e-2	1.743891e-3
5.208000e1	-1.777840e-2	1.706082e-3
5.212000e1	-1.466326e-2	1.682134e-3
5.216000e1	-1.115573e-2	8.800921e-4
5.220000e1	-7.635254e-3	8.608857e-4
5.224000e1	-7.628229e-3	8.617825e-4
5.228000e1	-4.078308e-3	8.582529e-4
5.232000e1	-5.906118e-4	8.264594e-4
5.236000e1	3.259530e-3	8.372724e-4
5.240000e1	6.401326e-3	8.417536e-4
5.244000e1	9.464113e-3	8.512905e-4
5.248000e1	9.477420e-3	8.439938e-4
5.252000e1	1.246872e-2	8.530157e-4
5.256000e1	1.472644e-2	8.460412e-4
5.260000e1	1.687144e-2	8.668690e-4
5.264000e1	1.823280e-2	8.687130e-4
5.268000e1	1.913602e-2	8.808451e-4
5.272000e1	1.914087e-2	8.809239e-4
5.276000e1	1.953365e-2	8.956846e-4
5.280000e1	1.944169e-2	8.935380e-4
5.284000e1	1.866275e-2	9.070081e-4
5.288000e1	1.735241e-2	8.810935e-4
5.292000e1	1.558429e-2	8.831325e-4
5.296000e1	1.558320e-2	8.817328e-4
5.300000e1	1.335961e-2	8.841723e-4
5.304000e1	1.075345e-2	8.772717e-4
5.308000e1	7.708547e-3	8.799947e-4
5.312000e1	4.532087e-3	8.816739e-4
5.316000e1	1.171716e-3	8.881595e-4
5.320000e1	1.192102e-3	8.849112e-4
5.324000e1	-2.364879e-3	8.875360e-4
5.328000e1	-5.521628e-3	8.734523e-4
5.332000e1	-9.054857e-3	1.697731e-3
5.336000e1	-1.243444e-2	1.710685e-3
5.340000e1	-1.551622e-2	1.749969e-3
5.344000e1	-1.550267e-2	1.732630e-3
5.348000e1	-1.817518e-2	1.749110e-3
5.352000e1	-2.039861e-2	1.774650e-3
5.356000e1	-2.215571e-2	1.800929e-3
5.360000e1	-2.348286e-2	1.802620e-3
5.364000e1	-2.434450e-2	1.821300e-3
5.368000e1	-2.435221e-2	1.817621e-3
5.372000e1	-2.440095e-2	1.810537e-3
5.376000e1	-2.431330e-2	1.829778e-3
5.380000e1	-2.349355e-2	1.786801e-3
5.384000e1	-2.217147e-2	1.718336e-3
5.388000e1	-2.042096e-2	1.716025e-3
5.392000e1	-2.042782e-2	1.723146e-3
5.396000e1	-1.861088e-2	1.733652e-3
5.400000e1	-1.598136e-2	1.312427e-3
5.404000e1	-1.297719e-2	1.297888e-3
5.408000e1	-9.887967e-3	1.266221e-3
5.412000e1	-6.365145e-3	4.630171e-4
5.416000e1	-6.386970e-3	4.651287e-4
5.420000e1	-2.945507e-3	4.488723e-4
5.424000e1	1.899711e-4	4.100241e-4
5.428000e1	3.291213e-3	4.004091e-4
5.432000e1	6.356739e-3	4.138312e-4
5.436000e1	9.433674e-3	4.110685e-4
5.440000e1	9.431924e-3	4.098783e-4
5.444000e1	1.164776e-2	4.429081e-4
5.448000e1	1.380686e-2	4.268515e-4
5.452000e1	1.560338e-2	4.376112e-4
5.456000e1	1.687039e-2	4.306601e-4
5.460000e1	1.772069e-2	4.529855e-4
5.464000e1	1.770948e-2	4.601335e-4
5.468000e1	1.782310e-2	4.540919e-4
5.472000e1	1.766343e-2	4.509852e-4
5.476000e1	1.683173e-2	4.548406e-4
5.480000e1	1.555138e-2	4.521834e-4
5.484000e1	1.388718e-2	4.438240e-4
5.488000e1	1.389256e-2	4.421664e-4
5.492000e1	1.196788e-2	4.419713e-4
5.496000e1	9.412261e-3	4.364674e-4
5.500000e1	6.742141e-3	4.246130e-4
5.504000e1	3.752255e-3	4.682068e-4
5.508000e1	6.062841e-4	4.247888e-4
5.512000e1	5.933886e-4	4.162829e-4
5.516000e1	-2.485379e-3	4.427889e-4
5.520000e1	-5.492037e-3	4.540454e-4
5.524000e1	-8.974052e-3	1.284800e-3
5.528000e1	-1.167043e-2	1.277732e-3
5.532000e1	-1.426836e-2	1.333960e-3
5.536000e1	-1.426521e-2	1.336054e-3
5.540000e1	-1.684510e-2	1.356250e-3
5.544000e1	-1.868846e-2	1.339014e-3
5.548000e1	-2.040063e-2	1.357392e-3
5.552000e1	-2.131933e-2	1.341190e-3
5.556000e1	-2.214184e-2	1.378485e-3
5.560000e1	-2.214224e-2	1.386104e-3
5.564000e1	-2.221814e-2	1.364497e-3
5.568000e1	-2.213248e-2	1.384040e-3
5.572000e1	-2.134777e-2	1.334740e-3
5.576000e1	-2.037613e-2	1.297262e-3
5.580000e1	-1.869407e-2	1.271581e-3
5.584000e1	-1.869525e-2	1.271232e-3
5.588000e1	-1.726807e-2	1.309283e-3
5.592000e1	-1.507921e-2	1.285335e-3
5.596000e1	-1.208581e-2	8.786812e-4
5.600000e1	-9.485935e-3	8.657044e-4
5.604000e1	-6.788280e-3	8.614929e-4
5.608000e1	-6.789545e-3	8.578345e-4
5.612000e1	-3.730998e-3	8.517659e-4
5.616000e1	-6.322560e-4	4.818733e-5
5.620000e1	2.373014e-3	1.749840e-5
5.624000e1	5.088043e-3	4.612089e-5
5.628000e1	7.690696e-3	2.437062e-5
5.632000e1	7.689572e-3	2.814511e-5
5.636000e1	9.887330e-3	2.097070e-5
5.640000e1	1.208323e-2	5.162521e-6
5.644000e1	1.341615e-2	7.047042e-6
5.648000e1	1.473860e-2	9.382662e-6
5.652000e1	1.552636e-2	9.184239e-6
5.656000e1	1.552842e-2	1.141694e-5
5.660000e1	1.566923e-2	3.785078e-5
5.664000e1	1.553823e-2	-2.962011e-6
5.668000e1	1.481348e-2	3.586301e-5
5.672000e1	1.387354e-2	3.940933e-5
5.676000e1	1.249465e-2	1.636309e-5
5.680000e1	1.250000e-2	2.598896e-5
5.684000e1	1.067170e-2	3.069945e-5
5.688000e1	8.615193e-3	3.390982e-5
5.692000e1	6.319299e-3	1.100681e-5
5.696000e1	3.311509e-3	2.584349e-5
5.700000e1	6.530735e-4	1.701372e-5
5.704000e1	6.566099e-4	2.194618e-5
5.708000e1	-2.001993e-3	1.269756e-5
5.712000e1	-5.028260e-3	4.770950e-5
5.716000e1	-7.659458e-3	5.150170e-5
5.720000e1	-1.034858e-2	8.454665e-4
5.724000e1	-1.293824e-2	8.656112e-4
5.728000e1	-1.293651e-2	8.619096e-4
5.732000e1	-1.511993e-2	9.158236e-4
5.736000e1	-1.691554e-2	9.055516e-4
5.740000e1	-1.861739e-2	9.274093e-4
5.744000e1	-1.957596e-2	9.298265e-4
5.748000e1	-2.038116e-2	9.671417e-4
5.752000e1	-2.038611e-2	9.746153e-4
5.756000e1	-2.043620e-2	9.098443e-4
5.760000e1	-2.032135e-2	9.894525e-4
5.764000e1	-1.958593e-2	9.108804e-4
5.768000e1	-1.859939e-2	9.482352e-4
5.772000e1	-1.735655e-2	8.900217e-4
5.776000e1	-1.735636e-2	9.137423e-4
5.780000e1	-1.561887e-2	8.675193e-4
5.784000e1	-1.338994e-2	8.231235e-4
5.788000e1	-1.120022e-2	8.442219e-4
5.792000e1	-8.538157e-3	4.745715e-5
5.796000e1	-5.870026e-3	4.925876e-5
5.800000e1	-5.865315e-3	5.880967e-5
5.804000e1	-3.227360e-3	3.199173e-5
5.808000e1	-6.368764e-4	1.991337e-5
5.812000e1	2.366161e-3	-8.234962e-6
5.816000e1	4.637032e-3	-1.391939e-5
5.820000e1	6.798400e-3	8.407125e-4
5.824000e1	6.791270e-3	8.459061e-4
5.828000e1	8.622736e-3	8.460974e-4
5.832000e1	1.072674e-2	8.442355e-4
5.836000e1	1.208619e-2	1.976647e-5
5.840000e1	1.294983e-2	1.986478e-5
5.844000e1	1.376027e-2	2.257109e-5
5.848000e1	1.376244e-2	2.687458e-5
5.852000e1	1.386489e-2	-3.269120e-6
5.856000e1	1.374783e-2	1.804479e-5
5.860000e1	1.297403e-2	3.735541e-5
5.864000e1	1.194121e-2	1.396685e-5
5.868000e1	1.035688e-2	1.078224e-5
5.872000e1	1.036387e-2	1.440013e-5
5.876000e1	8.597687e-3	2.602752e-5
5.880000e1	6.737390e-3	1.878018e-5
5.884000e1	4.268674e-3	4.502876e-5
5.888000e1	1.951218e-3	3.815872e-5
5.892000e1	-2.398903e-4	-9.031232e-7
5.896000e1	-2.433217e-4	2.069252e-6
5.900000e1	-3.247271e-3	4.173625e-5
5.904000e1	-5.484829e-3	3.453890e-5
5.908000e1	-7.705938e-3	2.167164e-5
5.912000e1	-9.918643e-3	6.398015e-5
5.916000e1	-1.207562e-2	8.070249e-5
5.920000e1	-1.209134e-2	1.041322e-4
5.924000e1	-1.423535e-2	1.104839e-4
5.928000e1	-1.601528e-2	4.298975e-4
5.932000e1	-1.689266e-2	4.664957e-4
5.936000e1	-1.777256e-2	4.793119e-4
5.940000e1	-1.820086e-2	4.683642e-4
5.944000e1	-1.820369e-2	4.808979e-4
5.948000e1	-1.821680e-2	4.954462e-4
5.952000e1	-1.786703e-2	5.750935e-4
5.956000e1	-1.732348e-2	5.109093e-4
5.960000e1	-1.637328e-2	5.316072e-4
5.964000e1	-1.509640e-2	5.015686e-4
5.968000e1	-1.509152e-2	5.279220e-4
5.972000e1	-1.336399e-2	4.393349e-4
5.976000e1	-1.157653e-2	4.601688e-4
5.980000e1	-9.430067e-3	4.453373e-4
5.984000e1	-7.202639e-3	4.263398e-4
5.988000e1	-4.621097e-3	3.978305e-4
5.992000e1	-4.625338e-3	3.889202e-4
5.996000e1	-2.387540e-3	4.251360e-4
6.000000e1	2.123353e-4	4.213166e-4
6.004000e1	2.430151e-3	4.285644e-4
6.008000e1	4.603620e-3	4.107705e-4
6.012000e1	6.732805e-3	4.328040e-4
6.016000e1	6.735282e-3	4.430703e-4
6.020000e1	8.475271e-3	4.212901e-4
6.024000e1	9.885545e-3	4.393895e-4
6.028000e1	1.111689e-2	4.418984e-4
6.032000e1	1.165486e-2	4.371293e-4
6.036000e1	1.200304e-2	4.161143e-4
6.040000e1	1.203450e-2	4.271853e-4
6.044000e1	1.197266e-2	4.358978e-4
6.048000e1	1.136195e-2	4.395072e-4
6.052000e1	1.065885e-2	4.213013e-4
6.056000e1	9.503364e-3	4.341612e-4
6.060000e1	8.040332e-3	4.271943e-4
6.064000e1	8.043966e-3	4.292282e-4
6.068000e1	6.335077e-3	4.411733e-4
6.072000e1	4.243558e-3	4.735975e-4
6.076000e1	2.046269e-3	4.787427e-4
6.080000e1	1.585673e-4	4.706648e-4
6.084000e1	-2.380271e-3	4.814831e-4
6.088000e1	-2.385957e-3	4.842489e-4
6.092000e1	-4.643129e-3	4.693982e-4
6.096000e1	-6.767160e-3	4.680775e-4
6.100000e1	-9.019913e-3	1.286071e-3
6.104000e1	-1.115526e-2	1.308721e-3
6.108000e1	-1.289325e-2	1.292574e-3
6.112000e1	-1.289587e-2	1.302390e-3
6.116000e1	-1.428033e-2	1.306292e-3
6.120000e1	-1.558968e-2	1.317625e-3
6.124000e1	-1.647797e-2	1.355730e-3
6.128000e1	-1.693670e-2	1.351711e-3
6.132000e1	-1.697471e-2	1.340853e-3
6.136000e1	-1.698195e-2	1.346920e-3
6.140000e1	-1.682741e-2	1.388551e-3
6.144000e1	-1.613259e-2	1.304386e-3
6.148000e1	-1.524801e-2	1.330248e-3
6.152000e1	-1.421363e-2	1.340107e-3
6.156000e1	-1.249396e-2	9.286645e-4
6.160000e1	-1.249984e-2	9.293318e-4
6.164000e1	-1.076017e-2	9.026166e-4
6.168000e1	-9.009632e-3	8.450451e-4
6.172000e1	-6.847096e-3	8.326398e-4
6.176000e1	-4.645423e-3	8.544060e-4
6.180000e1	-2.784685e-3	8.705697e-4
6.184000e1	-2.781609e-3	8.651696e-4
6.188000e1	-6.363863e-4	8.599644e-4
6.192000e1	1.519812e-3	8.655932e-4
6.196000e1	3.338044e-3	3.248273e-5
6.200000e1	5.088249e-3	1.197579e-5
6.204000e1	6.746091e-3	1.911933e-5
6.208000e1	6.745835e-3	2.558687e-5
6.212000e1	8.143785e-3	1.942965e-5
6.216000e1	9.393394e-3	-6.097597e-8
6.220000e1	9.902415e-3	2.378893e-5
6.224000e1	1.022613e-2	2.364820e-6
6.228000e1	1.027844e-2	9.462882e-6
6.232000e1	1.027473e-2	1.401284e-5
6.236000e1	1.017994e-2	1.544867e-5
6.240000e1	9.758909e-3	2.156896e-5
6.244000e1	8.622177e-3	3.201496e-5
6.248000e1	7.659236e-3	8.470183e-6
6.252000e1	6.338377e-3	3.226904e-5
6.256000e1	6.335805e-3	4.071419e-5
6.260000e1	4.605978e-3	3.608921e-5
6.264000e1	3.194811e-3	1.155508e-5
6.268000e1	1.133162e-3	2.417259e-5
6.272000e1	-1.058174e-3	4.484873e-5
6.276000e1	-2.928818e-3	2.804178e-5
6.280000e1	-2.937931e-3	3.384007e-5
6.284000e1	-4.706845e-3	2.346375e-5
6.288000e1	-6.783565e-3	5.184165e-5
6.292000e1	-8.948016e-3	5.196541e-5
6.296000e1	-1.071819e-2	8.534571e-4
6.300000e1	-1.244990e-2	8.789306e-4
6.304000e1	-1.244726e-2	8.841076e-4
6.308000e1	-1.342030e-2	8.904045e-4
6.312000e1	-1.424906e-2	9.164382e-4
6.316000e1	-1.507999e-2	9.361274e-4
6.320000e1	-1.550714e-2	9.035382e-4
6.324000e1	-1.559218e-2	8.900037e-4
6.328000e1	-1.558347e-2	8.998279e-4
6.332000e1	-1.523657e-2	8.626745e-4
6.336000e1	-1.473573e-2	9.307511e-4
6.340000e1	-1.415412e-2	9.592889e-4
6.344000e1	-1.299834e-2	8.834433e-4
6.348000e1	-1.204699e-2	8.922076e-4
6.352000e1	-1.205060e-2	9.049137e-4
6.356000e1	-1.072324e-2	8.817522e-4
6.360000e1	-8.954828e-3	8.603978e-4
6.364000e1	-7.278789e-3	8.180672e-4
6.368000e1	-5.074584e-3	6.551185e-5
6.372000e1	-3.276980e-3	9.087512e-5
6.376000e1	-3.277684e-3	1.058097e-4
6.380000e1	-1.545071e-3	7.038852e-5
6.384000e1	2.339882e-4	2.211821e-5
6.388000e1	2.022848e-3	3.451799e-5
6.392000e1	3.689068e-3	-8.996730e-6
6.396000e1	5.026391e-3	2.178715e-6
6.400000e1	5.024584e-3	7.763725e-6
6.404000e1	6.406640e-3	1.752648e-5
6.408000e1	7.239203e-3	-3.735131e-6
6.412000e1	8.089423e-3	3.386848e-7
6.416000e1	8.602976e-3	3.023459e-5
6.420000e1	8.896340e-3	-5.241623e-6
6.424000e1	8.890196e-3	2.986510e-6
6.428000e1	8.624686e-3	-2.475727e-6
6.432000e1	8.173899e-3	-2.710484e-6
6.436000e1	7.574699e-3	-1.188083e-5
6.440000e1	6.701564e-3	3.529365e-7
6.444000e1	5.505912e-3	2.899912e-5
6.448000e1	5.498758e-3	3.290206e-5
6.452000e1	4.239386e-3	4.288036e-5
6.456000e1	2.834959e-3	2.508542e-5
6.460000e1	1.110299e-3	4.533251e-5
6.464000e1	-6.696625e-4	4.244998e-5
6.468000e1	-2.361002e-3	6.712490e-5
6.472000e1	-2.361039e-3	7.672747e-5
6.476000e1	-4.166552e-3	7.504233e-5
6.480000e1	-5.533606e-3	4.133972e-5
6.484000e1	-7.248749e-3	8.822705e-6
6.488000e1	-8.957384e-3	4.357786e-4
6.492000e1	-1.028825e-2	4.455521e-4
6.496000e1	-1.028516e-2	4.563460e-4
6.500000e1	-1.155839e-2	5.087053e-4
6.504000e1	-1.246371e-2	4.861270e-4
6.508000e1	-1.297056e-2	4.656719e-4
6.512000e1	-1.338745e-2	4.821284e-4
6.516000e1	-1.342536e-2	4.597809e-4
6.520000e1	-1.342277e-2	4.706375e-4
6.524000e1	-1.331049e-2	5.184719e-4
6.528000e1	-1.259746e-2	4.616370e-4
6.532000e1	-1.174293e-2	4.851711e-4
6.536000e1	-1.081902e-2	4.472939e-4
6.540000e1	-9.794144e-3	4.891016e-4
6.544000e1	-9.793620e-3	5.004183e-4
6.548000e1	-8.203639e-3	4.117242e-4
6.552000e1	-6.818708e-3	4.268726e-4
6.556000e1	-5.429618e-3	4.661556e-4
6.560000e1	-3.756629e-3	3.966832e-4
6.564000e1	-2.365669e-3	4.361107e-4
6.568000e1	-2.361510e-3	4.409883e-4
6.572000e1	-7.302449e-4	4.153667e-4
6.576000e1	7.173294e-4	4.190723e-4
6.580000e1	2.032656e-3	4.179321e-4
6.584000e1	3.651959e-3	3.994814e-4
6.588000e1	4.603695e-3	4.102557e-4
6.592000e1	4.607298e-3	4.149479e-4
6.596000e1	5.415818e-3	4.223218e-4
6.600000e1	6.285895e-3	4.294228e-4
6.604000e1	6.830699e-3	4.767558e-4
6.608000e1	7.129813e-3	4.403647e-4
6.612000e1	7.167770e-3	4.466098e-4
6.616000e1	7.172403e-3	4.489649e-4
6.620000e1	7.130829e-3	4.587045e-4
6.624000e1	6.782464e-3	4.157303e-4
6.628000e1	6.036909e-3	4.465897e-4
6.632000e1	5.366166e-3	4.008283e-4
6.636000e1	4.669482e-3	4.210667e-4
6.640000e1	4.660282e-3	4.183840e-4
6.644000e1	3.721821e-3	4.542043e-4
6.648000e1	2.411953e-3	8.723390e-4
6.652000e1	1.079041e-3	8.463152e-4
6.656000e1	-5.668709e-4	8.664110e-4
6.660000e1	-2.022149e-3	8.519852e-4
6.664000e1	-2.026658e-3	8.491264e-4
6.668000e1	-3.329014e-3	8.835525e-4
6.672000e1	-4.952859e-3	9.074215e-4
6.676000e1	-5.964719e-3	8.840809e-4
6.680000e1	-7.281480e-3	8.793407e-4
6.684000e1	-8.594318e-3	9.055637e-4
6.688000e1	-8.596060e-3	9.132300e-4
6.692000e1	-9.831992e-3	9.214324e-4
6.696000e1	-1.075883e-2	1.302395e-3
6.700000e1	-1.159483e-2	1.332941e-3
6.704000e1	-1.207392e-2	1.297721e-3
6.708000e1	-1.242544e-2	1.315268e-3
6.712000e1	-1.242144e-2	1.313314e-3
6.716000e1	-1.239863e-2	1.360665e-3
6.720000e1	-1.216375e-2	1.262961e-3
6.724000e1	-1.167980e-2	1.289393e-3
6.728000e1	-1.087222e-2	1.283094e-3
6.732000e1	-9.970677e-3	1.286888e-3
6.736000e1	-9.983424e-3	1.287208e-3
6.740000e1	-9.051672e-3	1.279162e-3
6.744000e1	-8.070758e-3	1.326248e-3
6.748000e1	-6.740003e-3	1.301854e-3
6.752000e1	-5.433169e-3	1.288630e-3
6.756000e1	-4.160276e-3	1.223891e-3
6.760000e1	-4.158290e-3	1.211041e-3
6.764000e1	-2.771866e-3	1.274664e-3
6.768000e1	-1.121233e-3	1.279884e-3
6.772000e1	-1.603820e-4	1.295933e-3
6.776000e1	1.481763e-3	1.300699e-3
6.780000e1	2.428665e-3	1.311675e-3
6.784000e1	2.427620e-3	1.310240e-3
6.788000e1	3.392287e-3	1.329001e-3
6.792000e1	4.173706e-3	1.290670e-3
6.796000e1	4.521749e-3	1.303126e-3
6.800000e1	4.615477e-3	1.284079e-3
6.804000e1	4.475606e-3	1.262036e-3
6.808000e1	4.472744e-3	1.253908e-3
6.812000e1	4.242700e-3	1.273726e-3
6.816000e1	3.597526e-3	1.258700e-3
6.820000e1	2.724217e-3	1.274576e-3
6.824000e1	1.643074e-3	1.321817e-3
6.828000e1	6.240143e-4	1.314775e-3
6.832000e1	6.270741e-4	1.312739e-3
6.836000e1	-6.519025e-4	1.314950e-3
6.840000e1	-2.008796e-3	1.304409e-3
6.844000e1	-3.309041e-3	1.305171e-3
6.848000e1	-4.553520e-3	1.318962e-3
6.852000e1	-5.452448e-3	1.323356e-3
6.856000e1	-5.449020e-3	1.325037e-3
6.860000e1	-6.400665e-3	1.318086e-3
6.864000e1	-7.637526e-3	1.337801e-3
6.868000e1	-8.520883e-3	1.346784e-3
6.872000e1	-9.443004e-3	1.332326e-3
6.876000e1	-1.023037e-2	1.364750e-3
6.880000e1	-1.024441e-2	1.360504e-3
6.884000e1	-1.074010e-2	1.326420e-3
6.888000e1	-1.079935e-2	1.329839e-3
6.892000e1	-1.080135e-2	1.358658e-3
6.896000e1	-1.062121e-2	1.378568e-3
6.900000e1	-1.025305e-2	1.363536e-3
6.904000e1	-1.024274e-2	1.368023e-3
6.908000e1	-9.514697e-3	1.300460e-3
6.912000e1	-8.931228e-3	1.341654e-3
6.916000e1	-8.091490e-3	1.316508e-3
6.920000e1	-7.146014e-3	1.319915e-3
6.924000e1	-6.252087e-3	1.307879e-3
6.928000e1	-6.263518e-3	1.297762e-3
